KDD 99:
FPR = 0.6594576857679801
Precision = 0.8348732810971101
TPR = 0.992408569881112
F-Measure = 0.9068501375220077
TNR = 0.34054231423201986
FNR = 0.007591430118887965
Detection Rate: 0.8428874444064317


DARPA:
FPR = 0.0193003307543902
Precision = 0.9743628001508189
TPR = 0.5596256223125766
F-Measure = 0.710928948886038
TNR = 0.9806996692456098
FNR = 0.4403743776874234
Detection Rate: 0.7418502144766834


CIDIDS:
FPR = 0.04078695914359604
Precision = 0.8468864311724825
TPR = 1.0
F-Measure = 0.9170963811075734
TNR = 0.9592130408564039
FNR = 0.0
Detection Rate: 0.9667207346843045


CICIDS2017:
FPR = 0.05792851419852819
Precision = 0.4620220525036222
TPR = 0.2759905528906101
F-Measure = 0.3455597391863348
TNR = 0.9420714858014718
FNR = 0.7240094471093899
Detection Rate: 0.8403421591515027
