cpu,memory,net recv,net send,disk read,disk writ,time
0.16766666666666666,739531434.6666666,219.66666666666666,1080.6666666666667,0.0,16384.0,05-10 08:51:55
0.665,739516416.0,238.33333333333334,1088.0,0.0,13653.333333333334,05-10 08:51:56
0.5003333333333333,739491840.0,177.0,703.0,0.0,0.0,05-10 08:51:57
0.0,739490474.6666666,201.66666666666666,898.6666666666666,0.0,0.0,05-10 08:51:58
0.5,739490474.6666666,238.33333333333334,1058.0,0.0,0.0,05-10 08:51:59
3.891666666666667,740717909.3333334,54454959.333333336,121847.66666666667,57344.0,4096.0,05-10 08:52:00
0.501,740687872.0,3799.3333333333335,1738.3333333333333,94208.0,13653.333333333334,05-10 08:52:01
0.33499999999999996,740698794.6666666,89813.33333333333,2693.0,61440.0,4096.0,05-10 08:52:02
0.682,740589568.0,40113.0,33271001.0,0.0,0.0,05-10 08:52:03
0.5063333333333333,740567722.6666666,25501.0,21235621.333333332,0.0,0.0,05-10 08:52:04
0.501,740564992.0,919.0,94192.0,0.0,15018.666666666666,05-10 08:52:05
0.33433333333333337,740577280.0,195.0,760.3333333333334,0.0,13653.333333333334,05-10 08:52:06
0.49933333333333335,740574549.3333334,201.66666666666666,898.6666666666666,0.0,4096.0,05-10 08:52:07
0.16666666666666666,740574549.3333334,238.33333333333334,1058.0,0.0,0.0,05-10 08:52:08
0.3336666666666666,740558165.3333334,209.0,756.3333333333334,0.0,0.0,05-10 08:52:09
0.5003333333333333,740590933.3333334,245.66666666666666,942.6666666666666,1365.3333333333333,19972096.0,05-10 08:52:10
0.8316666666666667,740569088.0,238.33333333333334,1126.0,0.0,20480.0,05-10 08:52:11
0.33266666666666667,740566357.3333334,179.0,764.3333333333334,0.0,4096.0,05-10 08:52:12
0.5020000000000001,740544512.0,215.66666666666666,962.0,0.0,0.0,05-10 08:52:13
7.9816666666666665,742862848.0,24571689.666666668,36511879.666666664,319488.0,0.0,05-10 08:52:14
21.610666666666663,746681685.3333334,77355041.0,72457777.0,144725.33333333334,34402304.0,05-10 08:52:15
15.161333333333332,754326186.6666666,7357590.666666667,197375.66666666666,5802666.666666667,48626346.666666664,05-10 08:52:16
25.42233333333333,790676821.3333334,340.3333333333333,2179.0,16112298.666666666,77824.0,05-10 08:52:17
25.499,806329002.6666666,183.0,1035.6666666666667,14607701.333333334,0.0,05-10 08:52:18
31.850666666666665,844435456.0,1328.3333333333333,1800.0,6471680.0,0.0,05-10 08:52:19
43.452666666666666,881680384.0,2122.6666666666665,3712.0,3584000.0,95573.33333333333,05-10 08:52:20
37.96566666666667,921530368.0,1873.3333333333333,3218.3333333333335,1344853.3333333333,80323925.33333333,05-10 08:52:21
9.762666666666666,921933141.3333334,761.3333333333334,2614.6666666666665,499712.0,15594837.333333334,05-10 08:52:22
0.8343333333333334,921930410.6666666,238.33333333333334,1256.6666666666667,0.0,0.0,05-10 08:52:23
0.3333333333333333,921912661.3333334,165.0,840.3333333333334,0.0,0.0,05-10 08:52:24
0.336,921899008.0,201.66666666666666,1048.6666666666667,0.0,34133.333333333336,05-10 08:52:25
16.256333333333334,930187946.6666666,5801.666666666667,2747.0,693589.3333333334,0.0,05-10 08:52:26
19.648999999999997,954609664.0,14572.666666666666,1410.6666666666667,649898.6666666666,8192.0,05-10 08:52:27
15.809666666666667,964431872.0,783.3333333333334,1451.3333333333333,1768106.6666666667,0.0,05-10 08:52:28
16.574333333333332,974689621.3333334,105644.66666666667,5165.0,658090.6666666666,0.0,05-10 08:52:29
17.248,997698218.6666666,14594.666666666666,1457.3333333333333,785066.6666666666,16384.0,05-10 08:52:30
15.258666666666668,1008981333.3333334,100188.33333333333,2208.3333333333335,1668437.3333333333,0.0,05-10 08:52:31
13.224666666666666,1011978240.0,104259.33333333333,7279.0,84650.66666666667,0.0,05-10 08:52:32
18.41866666666667,1030113962.6666666,13867.333333333334,6722.333333333333,87381.33333333333,30037.333333333332,05-10 08:52:33
54.04033333333333,1059648853.3333334,201.66666666666666,1048.0,374101.3333333333,0.0,05-10 08:52:34
23.123333333333335,1064562688.0,29499.333333333332,16524.0,316757.3333333333,13653.333333333334,05-10 08:52:35
0.5016666666666666,1063092224.0,165.0,1045.6666666666667,0.0,0.0,05-10 08:52:36
17.508333333333333,1079829845.3333333,7068.0,2288.6666666666665,809642.6666666666,0.0,05-10 08:52:37
47.53066666666666,1114992640.0,893.0,1506.3333333333333,15306752.0,19114.666666666668,05-10 08:52:38
66.66266666666665,1153907370.6666667,15142.0,16523.333333333332,36842154.666666664,34133.333333333336,05-10 08:52:39
55.734333333333346,1202167808.0,3455253.0,9610.333333333334,31318016.0,15018.666666666666,05-10 08:52:40
50.37799999999999,1233810773.3333333,32769819.333333332,33821.333333333336,20275200.0,0.0,05-10 08:52:41
35.275,1250338133.3333333,24171388.0,27852.333333333332,20672512.0,0.0,05-10 08:52:42
20.034333333333333,1251915093.3333333,6114416.333333333,67920.33333333333,1789952.0,0.0,05-10 08:52:43
2.6666666666666665,1253111125.3333333,7863.0,7615.0,0.0,69632.0,05-10 08:52:44
7.705333333333333,1254435498.6666667,16792.0,2907.3333333333335,0.0,132437.33333333334,05-10 08:52:45
22.777333333333335,1257649493.3333333,126769.66666666667,8554.333333333334,148821.33333333334,565248.0,05-10 08:52:46
20.167666666666666,1260710570.6666667,101739.66666666667,6622.666666666667,0.0,1212416.0,05-10 08:52:47
11.344666666666667,1263184554.6666667,19789.0,3031.0,2730.6666666666665,0.0,05-10 08:52:48
49.45400000000001,1294528512.0,48476.333333333336,19030.0,2730.6666666666665,77824.0,05-10 08:52:49
56.95666666666667,1304432640.0,238.33333333333334,1514.0,0.0,25643690.666666668,05-10 08:52:50
50.84166666666666,1314430976.0,165.0,843.0,0.0,28662442.666666668,05-10 08:52:51
60.330666666666666,1351593984.0,371196.6666666667,20696.333333333332,2730.6666666666665,139264.0,05-10 08:52:52
63.82833333333334,1381209429.3333333,1001156.6666666666,3244.6666666666665,0.0,0.0,05-10 08:52:53
62.071666666666665,1391471274.6666667,1247545.6666666667,3309.6666666666665,0.0,0.0,05-10 08:52:54
51.010999999999996,1397634389.3333333,1551468.6666666667,3762.6666666666665,0.0,70997.33333333333,05-10 08:52:55
50.75200000000001,1415259477.3333333,1496044.0,3760.0,0.0,16384.0,05-10 08:52:56
52.34166666666667,1423422805.3333333,1320048.3333333333,3337.0,0.0,0.0,05-10 08:52:57
53.006,1424532821.3333333,1573295.0,3606.6666666666665,0.0,0.0,05-10 08:52:58
50.00066666666667,1435075925.3333333,1558020.3333333333,5615.333333333333,0.0,0.0,05-10 08:52:59
51.76466666666666,1445143893.3333333,1461313.0,3567.0,0.0,10922.666666666666,05-10 08:53:00
51.666666666666664,1448060245.3333333,1623663.6666666667,4328.666666666667,0.0,5461.333333333333,05-10 08:53:01
51.25866666666667,1457132885.3333333,1570159.3333333333,7882.666666666667,0.0,0.0,05-10 08:53:02
50.166666666666664,1462759424.0,1597347.3333333333,3451.6666666666665,0.0,0.0,05-10 08:53:03
51.0,1472816469.3333333,1422104.3333333333,3895.3333333333335,0.0,0.0,05-10 08:53:04
50.418666666666674,1473567402.6666667,1519740.6666666667,3290.6666666666665,0.0,4096.0,05-10 08:53:05
50.422000000000004,1482861226.6666667,1591981.6666666667,3342.3333333333335,0.0,4096.0,05-10 08:53:06
51.33733333333333,1494495232.0,1484282.0,3220.6666666666665,0.0,4096.0,05-10 08:53:07
50.748,1500704768.0,1577395.3333333333,3631.3333333333335,0.0,0.0,05-10 08:53:08
51.58733333333333,1503019008.0,1581789.6666666667,4741.666666666667,0.0,0.0,05-10 08:53:09
50.585333333333345,1508629162.6666667,1571365.0,3632.0,0.0,0.0,05-10 08:53:10
53.44566666666666,1516314624.0,1996308.3333333333,7514.333333333333,50517.333333333336,50517.333333333336,05-10 08:53:11
51.17333333333334,1528759637.3333333,2656732.6666666665,8501.666666666666,0.0,1365.3333333333333,05-10 08:53:12
50.416333333333334,1532030976.0,3079289.6666666665,6638.666666666667,0.0,20480.0,05-10 08:53:13
51.423,1537638400.0,2992781.0,6335.333333333333,0.0,0.0,05-10 08:53:14
51.592000000000006,1546118485.3333333,2927387.0,5319.666666666667,0.0,0.0,05-10 08:53:15
51.086999999999996,1559071402.6666667,2609732.3333333335,6329.333333333333,0.0,20480.0,05-10 08:53:16
50.833333333333336,1562426026.6666667,2863899.0,7021.333333333333,0.0,15018.666666666666,05-10 08:53:17
51.50899999999999,1566927530.6666667,2641395.3333333335,5446.333333333333,0.0,6826.666666666667,05-10 08:53:18
50.583666666666666,1571471360.0,2636788.0,7060.666666666667,0.0,0.0,05-10 08:53:19
53.349333333333334,1580175360.0,2777721.6666666665,7946.333333333333,50517.333333333336,0.0,05-10 08:53:20
52.33166666666667,1594624682.6666667,2424107.3333333335,4607.0,0.0,143360.0,05-10 08:53:21
51.341,1597661184.0,2754859.6666666665,8389.333333333334,0.0,10922.666666666666,05-10 08:53:22
53.349333333333334,1600910677.3333333,2642594.6666666665,5822.666666666667,0.0,12288.0,05-10 08:53:23
55.475,1602768896.0,2280849.6666666665,191771.33333333334,50517.333333333336,0.0,05-10 08:53:24
50.91866666666667,1615246677.3333333,2564224.6666666665,1242041.6666666667,1365.3333333333333,0.0,05-10 08:53:25
53.772999999999996,1627204266.6666667,1334511.6666666667,1329600.3333333333,0.0,83285.33333333333,05-10 08:53:26
52.50833333333333,1634714965.3333333,1264911.6666666667,1240482.6666666667,0.0,21845.333333333332,05-10 08:53:27
50.166666666666664,1638114645.3333333,1303069.0,1332246.0,0.0,0.0,05-10 08:53:28
51.004999999999995,1639256064.0,1318940.3333333333,1259127.6666666667,0.0,8192.0,05-10 08:53:29
51.76533333333334,1647849472.0,1276420.3333333333,1363283.6666666667,0.0,0.0,05-10 08:53:30
51.339,1658968746.6666667,1319056.0,1120412.6666666667,0.0,6826.666666666667,05-10 08:53:31
50.73133333333334,1668074154.6666667,924203.0,7866.333333333333,0.0,6826.666666666667,05-10 08:53:32
34.248,1674132138.6666667,165.0,851.0,0.0,0.0,05-10 08:53:33
34.171,1674113024.0,201.66666666666666,1076.0,0.0,4096.0,05-10 08:53:34
33.918,1676935168.0,300.3333333333333,1439.3333333333333,0.0,0.0,05-10 08:53:35
19.19033333333333,1679548416.0,319.6666666666667,2416.6666666666665,0.0,4096.0,05-10 08:53:36
17.24866666666667,1685211818.6666667,267.6666666666667,1130.6666666666667,0.0,21845.333333333332,05-10 08:53:37
20.348666666666666,1688713898.6666667,6058.333333333333,3954.3333333333335,0.0,0.0,05-10 08:53:38
58.781666666666666,1688829952.0,79552.33333333333,14549.0,0.0,4096.0,05-10 08:53:39
56.00866666666667,1702793216.0,62442.0,11490.666666666666,0.0,0.0,05-10 08:53:40
63.263000000000005,1706789546.6666667,267397.3333333333,353648.0,0.0,53248.0,05-10 08:53:41
74.00766666666668,1715993258.6666667,394553.3333333333,198988.0,0.0,61440.0,05-10 08:53:42
57.19166666666667,1754066944.0,556.3333333333334,1654.0,28672.0,0.0,05-10 08:53:43
52.24466666666667,1797293397.3333333,1212.6666666666667,2542.0,57344.0,46421.333333333336,05-10 08:53:44
69.32000000000001,1857750357.3333333,12046.666666666666,9723.0,0.0,53248.0,05-10 08:53:45
62.16433333333334,1871482880.0,455.0,2056.0,5461.333333333333,97335978.66666667,05-10 08:53:46
43.0,1885070677.3333333,437.0,2331.3333333333335,0.0,51882.666666666664,05-10 08:53:47
16.662666666666667,1885728768.0,253.66666666666666,2342.6666666666665,1365.3333333333333,37666816.0,05-10 08:53:48
24.213666666666665,1885588138.6666667,76532.0,27415.0,0.0,54613.333333333336,05-10 08:53:49
52.97133333333333,1887862784.0,64271.666666666664,20714.333333333332,1365.3333333333333,40203605.333333336,05-10 08:53:50
20.503333333333334,1888144042.6666667,7842.0,8706.333333333334,0.0,39594.666666666664,05-10 08:53:51
1.5,1888438954.6666667,401.6666666666667,2587.6666666666665,0.0,25941.333333333332,05-10 08:53:52
0.5013333333333333,1888632832.0,238.33333333333334,1224.0,0.0,0.0,05-10 08:53:53
1.17,1888884053.3333333,165.0,848.3333333333334,1365.3333333333333,19675818.666666668,05-10 08:53:54
0.33666666666666667,1889098410.6666667,201.66666666666666,1040.0,0.0,19573418.666666668,05-10 08:53:55
0.9920000000000001,1889211733.3333333,238.33333333333334,1224.0,0.0,17749.333333333332,05-10 08:53:56
0.6693333333333333,1889230848.0,165.0,900.3333333333334,0.0,21845.333333333332,05-10 08:53:57
4.333333333333333,1890170197.3333333,3808.0,2160.6666666666665,0.0,0.0,05-10 08:53:58
0.49666666666666665,1891725312.0,338.3333333333333,1423.6666666666667,0.0,5626538.666666667,05-10 08:53:59
0.8576666666666667,1893898922.6666667,128.0,630.6666666666666,1365.3333333333333,38490112.0,05-10 08:54:00
0.501,1897231701.3333333,245.66666666666666,1552.6666666666667,0.0,0.0,05-10 08:54:01
0.9966666666666667,1900149418.6666667,426.3333333333333,3443.3333333333335,0.0,17749.333333333332,05-10 08:54:02
11.848,1903561386.6666667,2688448.0,11544226.0,0.0,0.0,05-10 08:54:03
21.503333333333334,1904046080.0,8888629.333333334,36503.666666666664,0.0,0.0,05-10 08:54:04
0.8333333333333334,1904091136.0,238.33333333333334,2563.0,0.0,16384.0,05-10 08:54:05
0.6703333333333333,1904148480.0,165.0,878.3333333333334,0.0,0.0,05-10 08:54:06
0.6666666666666666,1904269994.6666667,201.66666666666666,1062.0,0.0,4096.0,05-10 08:54:07
1.175,1904300032.0,238.33333333333334,1273.3333333333333,0.0,5461.333333333333,05-10 08:54:08
26.403666666666666,1904507562.6666667,102681.66666666667,35488.333333333336,0.0,0.0,05-10 08:54:09
38.77433333333333,1904783360.0,213503.66666666666,123306.66666666667,132437.33333333334,4096.0,05-10 08:54:10
36.915333333333336,1906427221.3333333,236028.33333333334,103082.33333333333,0.0,0.0,05-10 08:54:11
26.29133333333333,1869422592.0,162190.0,122081.66666666667,0.0,40960.0,05-10 08:54:12
34.171,1867127466.6666667,20692.666666666668,2821.0,0.0,47786.666666666664,05-10 08:54:13
33.916333333333334,1865509546.6666667,238.33333333333334,1251.3333333333333,0.0,0.0,05-10 08:54:14
34.333333333333336,1865330688.0,165.0,840.3333333333334,0.0,40960.0,05-10 08:54:15
50.75533333333333,1865231018.6666667,1421133.3333333333,6281.666666666667,0.0,0.0,05-10 08:54:16
50.666666666666664,1864407722.6666667,1656196.6666666667,5178.0,109226.66666666667,30037.333333333332,05-10 08:54:17
49.638,1863406933.3333333,1592749.3333333333,4007.0,1365.3333333333333,40312832.0,05-10 08:54:18
49.74866666666667,1863824725.3333333,1589908.0,5498.666666666667,0.0,6826.666666666667,05-10 08:54:19
49.73833333333334,1863821994.6666667,1600336.6666666667,4493.333333333333,1365.3333333333333,65183744.0,05-10 08:54:20
51.334333333333326,1863976277.3333333,1598921.0,4202.333333333333,1365.3333333333333,0.0,05-10 08:54:21
52.584666666666664,1866298709.3333333,1533228.6666666667,6480.0,0.0,19114.666666666668,05-10 08:54:22
51.422000000000004,1866339669.3333333,1516940.0,4035.3333333333335,0.0,105130.66666666667,05-10 08:54:23
51.762,1866386090.6666667,1591584.6666666667,3920.3333333333335,0.0,4096.0,05-10 08:54:24
50.58533333333333,1866625024.0,1460485.6666666667,3800.6666666666665,0.0,122880.0,05-10 08:54:25
51.342666666666666,1866674176.0,1589175.0,4316.666666666667,0.0,0.0,05-10 08:54:26
50.583666666666666,1868685312.0,1608728.3333333333,3977.6666666666665,0.0,0.0,05-10 08:54:27
50.25033333333334,1869950976.0,1524084.3333333333,4096.0,0.0,9557.333333333334,05-10 08:54:28
51.67066666666667,1869993301.3333333,1524522.6666666667,5284.666666666667,0.0,13653.333333333334,05-10 08:54:29
51.42033333333333,1869918208.0,1608449.0,3930.3333333333335,0.0,58709.333333333336,05-10 08:54:30
50.50333333333333,1870970880.0,1559130.6666666667,4416.666666666667,0.0,0.0,05-10 08:54:31
50.836666666666666,1870897152.0,1596139.6666666667,8284.0,0.0,0.0,05-10 08:54:32
52.24699999999999,1870878037.3333333,1643813.0,4090.0,0.0,4096.0,05-10 08:54:33
60.63666666666666,1871716352.0,2901359.6666666665,8816.333333333334,1365.3333333333333,4096.0,05-10 08:54:34
50.06233333333333,1871960746.6666667,2918682.6666666665,6917.333333333333,0.0,17421653.333333332,05-10 08:54:35
51.16933333333333,1871848789.3333333,2957521.0,6563.666666666667,0.0,13653.333333333334,05-10 08:54:36
50.582,1872575146.6666667,2801721.0,6462.666666666667,0.0,0.0,05-10 08:54:37
50.335,1872330752.0,3137046.6666666665,7370.666666666667,0.0,13653.333333333334,05-10 08:54:38
50.66933333333333,1872607914.6666667,3090668.0,7450.333333333333,105130.66666666667,12288.0,05-10 08:54:39
50.5,1871978496.0,2576994.6666666665,5799.333333333333,0.0,79189.33333333333,05-10 08:54:40
49.75200000000001,1872044032.0,2549595.3333333335,5388.0,0.0,8192.0,05-10 08:54:41
58.582,1871904768.0,2587430.3333333335,10529.0,0.0,0.0,05-10 08:54:42
50.753666666666675,1871902037.3333333,2750695.3333333335,5926.0,0.0,158378.66666666666,05-10 08:54:43
50.592999999999996,1871955285.3333333,2722788.6666666665,6057.333333333333,0.0,27306.666666666668,05-10 08:54:44
51.084,1871979861.3333333,2648157.6666666665,5830.333333333333,0.0,185685.33333333334,05-10 08:54:45
55.24533333333333,1871936170.6666667,2338330.6666666665,321981.0,1365.3333333333333,24576.0,05-10 08:54:46
50.66733333333334,1871948458.6666667,2805851.0,1339514.0,0.0,0.0,05-10 08:54:47
50.42033333333333,1871667200.0,1661820.6666666667,1332839.0,0.0,28672.0,05-10 08:54:48
50.586000000000006,1871766869.3333333,1411090.6666666667,1419089.6666666667,0.0,0.0,05-10 08:54:49
50.41466666666667,1871695872.0,1374358.6666666667,1388381.6666666667,0.0,40960.0,05-10 08:54:50
50.75466666666666,1871725909.3333333,1443922.0,1448179.0,0.0,10922.666666666666,05-10 08:54:51
50.33166666666667,1871870634.6666667,1242456.3333333333,1427445.6666666667,0.0,0.0,05-10 08:54:52
51.413000000000004,1872454997.3333333,1402563.6666666667,483561.3333333333,0.0,10922.666666666666,05-10 08:54:53
41.708666666666666,1872218794.6666667,318882.6666666667,3068.6666666666665,0.0,0.0,05-10 08:54:54
33.919,1872255658.6666667,219.66666666666666,1211.3333333333333,0.0,23210.666666666668,05-10 08:54:55
33.417,1872214698.6666667,238.33333333333334,1224.0,0.0,31402.666666666668,05-10 08:54:56
34.58533333333333,1872378538.6666667,385.6666666666667,2453.6666666666665,0.0,0.0,05-10 08:54:57
17.171666666666667,1872334848.0,223.66666666666666,1114.0,0.0,54613.333333333336,05-10 08:54:58
17.335,1872323925.3333333,356.3333333333333,1645.3333333333333,0.0,0.0,05-10 08:54:59
28.802333333333333,1872364885.3333333,63994.333333333336,16584.0,0.0,34133.333333333336,05-10 08:55:00
37.75900000000001,1866042026.6666667,89455.0,30000.333333333332,0.0,30037.333333333332,05-10 08:55:01
33.835,1866125312.0,526.3333333333334,3698.6666666666665,0.0,0.0,05-10 08:55:02
33.500666666666675,1866073429.3333333,187.0,884.3333333333334,0.0,35498.666666666664,05-10 08:55:03
33.084666666666664,1866059776.0,201.66666666666666,1029.3333333333333,0.0,0.0,05-10 08:55:04
49.666666666666664,1766625280.0,1375000.0,20107.0,0.0,32768.0,05-10 08:55:05
50.418,1766389077.3333333,1641977.6666666667,3657.0,0.0,54613.333333333336,05-10 08:55:06
50.49766666666667,1766147413.3333333,1630566.6666666667,3817.3333333333335,0.0,0.0,05-10 08:55:07
52.01166666666666,1675242154.6666667,1631566.0,4266.666666666667,0.0,9557.333333333334,05-10 08:55:08
51.00333333333333,1675283114.6666667,1609837.0,4897.0,0.0,0.0,05-10 08:55:09
51.095333333333336,1674738346.6666667,1532802.6666666667,3388.0,0.0,1365.3333333333333,05-10 08:55:10
50.74700000000001,1674067968.0,1620109.3333333333,3825.3333333333335,0.0,0.0,05-10 08:55:11
50.748999999999995,1673883648.0,1580143.6666666667,6101.666666666667,0.0,16384.0,05-10 08:55:12
49.917,1673897301.3333333,1628220.0,3545.3333333333335,0.0,4096.0,05-10 08:55:13
51.49666666666667,1673901397.3333333,1399998.0,3441.3333333333335,0.0,0.0,05-10 08:55:14
51.00933333333334,1673898666.6666667,1555283.0,3181.6666666666665,0.0,6826.666666666667,05-10 08:55:15
50.418666666666674,1673764864.0,1604204.6666666667,4236.0,0.0,0.0,05-10 08:55:16
50.42033333333334,1673777152.0,1567244.6666666667,5760.0,0.0,8192.0,05-10 08:55:17
51.412,1588349610.6666667,1547582.3333333333,4138.333333333333,0.0,32768.0,05-10 08:55:18
50.33599999999999,1593539242.6666667,1625471.6666666667,4933.333333333333,0.0,0.0,05-10 08:55:19
50.504999999999995,1596396885.3333333,1524925.6666666667,3444.6666666666665,0.0,27306.666666666668,05-10 08:55:20
50.41466666666667,1601929216.0,1542753.6666666667,3419.0,0.0,0.0,05-10 08:55:21
52.41866666666667,1605147306.6666667,2200856.6666666665,10093.333333333334,0.0,20480.0,05-10 08:55:22
50.84,1605241514.6666667,2877674.6666666665,5646.0,0.0,6826.666666666667,05-10 08:55:23
50.83833333333333,1605286570.6666667,2859204.6666666665,5264.333333333333,0.0,0.0,05-10 08:55:24
50.165,1608912896.0,2974951.0,5432.666666666667,0.0,23210.666666666668,05-10 08:55:25
50.666666666666664,1614965418.6666667,2996079.3333333335,5784.0,0.0,0.0,05-10 08:55:26
49.583666666666666,1620566016.0,2916542.0,5193.666666666667,0.0,16384.0,05-10 08:55:27
49.66833333333333,1630496085.3333333,2987963.3333333335,5142.666666666667,0.0,28672.0,05-10 08:55:28
51.00433333333333,1639170048.0,2521253.0,6254.0,0.0,0.0,05-10 08:55:29
51.17066666666667,1641802410.6666667,2622408.3333333335,5099.0,0.0,5461.333333333333,05-10 08:55:30
50.24966666666666,1644766549.3333333,2665997.6666666665,6050.0,0.0,0.0,05-10 08:55:31
52.33166666666667,1645537962.6666667,2716496.0,11332.0,0.0,6826.666666666667,05-10 08:55:32
51.17333333333334,1647288320.0,2578821.3333333335,4660.333333333333,0.0,90112.0,05-10 08:55:33
50.922,1651696981.3333333,2630034.3333333335,5315.333333333333,0.0,0.0,05-10 08:55:34
39.36600000000001,1657333077.3333333,1576922.0,60214.666666666664,0.0,51882.666666666664,05-10 08:55:35
51.665,1666912256.0,2434108.6666666665,687018.6666666666,0.0,0.0,05-10 08:55:36
53.022,1680908288.0,1269843.0,1243040.6666666667,0.0,60074.666666666664,05-10 08:55:37
50.665666666666674,1689444352.0,1359910.3333333333,1359041.3333333333,0.0,106496.0,05-10 08:55:38
53.310333333333325,1698145621.3333333,1378057.0,1357350.3333333333,0.0,0.0,05-10 08:55:39
50.406000000000006,1705081514.6666667,1196838.0,1316307.0,0.0,32768.0,05-10 08:55:40
50.25033333333334,1705148416.0,1291166.3333333333,1198495.3333333333,0.0,0.0,05-10 08:55:41
51.423,1706582016.0,1223606.6666666667,1279678.6666666667,0.0,42325.333333333336,05-10 08:55:42
35.24966666666666,1710581077.3333333,1208.0,585118.6666666666,0.0,8192.0,05-10 08:55:43
42.46066666666667,1719661909.3333333,857346.0,3244.0,0.0,0.0,05-10 08:55:44
47.01566666666667,1726555477.3333333,861102.0,2996.3333333333335,0.0,0.0,05-10 08:55:45
33.24966666666666,1732151978.6666667,289.6666666666667,2895.6666666666665,0.0,0.0,05-10 08:55:46
33.752,1742079317.3333333,392.3333333333333,2174.0,0.0,21845.333333333332,05-10 08:55:47
26.216000000000005,1750481578.6666667,319.6666666666667,1078.6666666666667,0.0,28672.0,05-10 08:55:48
25.412333333333333,1753369258.6666667,58381.0,8837.333333333334,0.0,0.0,05-10 08:55:49
50.404666666666664,1754905258.6666667,310985.6666666667,225400.0,47786.666666666664,20480.0,05-10 08:55:50
59.31433333333333,1779258709.3333333,451699.6666666667,354487.6666666667,0.0,0.0,05-10 08:55:51
52.75966666666667,1804173312.0,1465.6666666666667,5427.333333333333,0.0,99669.33333333333,05-10 08:55:52
52.501666666666665,1866401109.3333333,12365.333333333334,10524.0,1365.3333333333333,4000426.6666666665,05-10 08:55:53
46.659,1905786880.0,901.0,1917.3333333333333,0.0,54393514.666666664,05-10 08:55:54
40.07566666666667,1902411776.0,437.0,2732.3333333333335,1365.3333333333333,4214784.0,05-10 08:55:55
26.483,1904517120.0,100526.66666666667,24128.0,4096.0,90630826.66666667,05-10 08:55:56
35.20033333333333,1902032213.3333333,43081.333333333336,23617.0,1365.3333333333333,58082645.333333336,05-10 08:55:57
2.6586666666666665,1901835605.3333333,3434.0,4475.333333333333,0.0,113322.66666666667,05-10 08:55:58
0.3333333333333333,1902026752.0,338.3333333333333,2749.3333333333335,0.0,0.0,05-10 08:55:59
24.699,1902312106.6666667,284942.3333333333,121163.0,0.0,0.0,05-10 08:56:00
31.962666666666667,1905298090.6666667,222605.33333333334,117108.66666666667,1365.3333333333333,50731690.666666664,05-10 08:56:01
28.405333333333335,1905180672.0,216273.0,135551.33333333334,94208.0,45999445.333333336,05-10 08:56:02
35.187000000000005,1903084885.3333333,165.0,921.6666666666666,0.0,90112.0,05-10 08:56:03
33.75233333333333,1903008426.6666667,219.66666666666666,1298.6666666666667,0.0,0.0,05-10 08:56:04
33.5,1904949930.6666667,238.33333333333334,1240.6666666666667,0.0,0.0,05-10 08:56:05
49.50333333333333,1905868800.0,1484105.6666666667,22179.0,0.0,0.0,05-10 08:56:06
50.25133333333333,1904704170.6666667,1685742.0,3720.0,0.0,30037.333333333332,05-10 08:56:07
50.166666666666664,1903998293.3333333,1665412.3333333333,4158.666666666667,0.0,0.0,05-10 08:56:08
51.75899999999999,1904405162.6666667,1705757.6666666667,5045.0,0.0,8192.0,05-10 08:56:09
50.916333333333334,1904391509.3333333,1626895.0,3965.3333333333335,0.0,0.0,05-10 08:56:10
50.833333333333336,1904392874.6666667,1637843.0,4246.0,0.0,0.0,05-10 08:56:11
50.586333333333336,1907268266.6666667,1503425.0,6246.333333333333,0.0,0.0,05-10 08:56:12
50.333333333333336,1907314688.0,1526137.6666666667,3726.0,0.0,4096.0,05-10 08:56:13
50.754,1907437568.0,1576843.6666666667,4059.3333333333335,0.0,4096.0,05-10 08:56:14
51.169999999999995,1908352341.3333333,1630740.6666666667,3942.3333333333335,0.0,4096.0,05-10 08:56:15
50.00266666666666,1912771925.3333333,1639061.3333333333,4365.333333333333,0.0,0.0,05-10 08:56:16
49.83266666666666,1912943957.3333333,1619820.6666666667,4872.0,0.0,0.0,05-10 08:56:17
50.836666666666666,1913911978.6666667,1558977.6666666667,3343.6666666666665,0.0,4096.0,05-10 08:56:18
50.25033333333334,1916198912.0,1482875.3333333333,4686.0,0.0,4096.0,05-10 08:56:19
50.66433333333333,1916196181.3333333,1586410.6666666667,3773.3333333333335,0.0,4096.0,05-10 08:56:20
50.252,1916116992.0,1615848.3333333333,3744.3333333333335,0.0,0.0,05-10 08:56:21
50.586999999999996,1918429866.6666667,1350109.3333333333,6484.666666666667,0.0,0.0,05-10 08:56:22
51.00666666666667,1820250112.0,2018984.6666666667,7552.666666666667,0.0,4096.0,05-10 08:56:23
50.501666666666665,1820430336.0,2916659.6666666665,6080.333333333333,0.0,4096.0,05-10 08:56:24
50.334333333333326,1820187306.6666667,2980763.6666666665,6244.0,0.0,15018.666666666666,05-10 08:56:25
51.16933333333333,1821711018.6666667,3059784.3333333335,7005.333333333333,0.0,7756458.666666667,05-10 08:56:26
50.166666666666664,1818092885.3333333,2915268.0,6660.333333333333,1365.3333333333333,57440938.666666664,05-10 08:56:27
51.17166666666666,1819381760.0,3021317.0,6094.0,0.0,9557.333333333334,05-10 08:56:28
50.5,1819239765.3333333,2831638.6666666665,6998.666666666667,0.0,0.0,05-10 08:56:29
51.086000000000006,1819036330.6666667,2800286.0,5827.666666666667,0.0,35498.666666666664,05-10 08:56:30
50.415333333333336,1819781802.6666667,2808936.3333333335,6528.333333333333,0.0,154282.66666666666,05-10 08:56:31
59.47333333333332,1820569600.0,2834081.6666666665,12599.0,0.0,379562.6666666667,05-10 08:56:32
50.42366666666667,1820595541.3333333,2797558.3333333335,5771.0,0.0,17749.333333333332,05-10 08:56:33
49.835,1820459008.0,2729533.0,6172.666666666667,0.0,0.0,05-10 08:56:34
51.334,1820383914.6666667,2443413.6666666665,9182.0,0.0,32768.0,05-10 08:56:35
51.08533333333333,1817655978.6666667,2828418.0,1069385.3333333333,0.0,72362.66666666667,05-10 08:56:36
50.165,1812202837.3333333,2119012.3333333335,1380483.6666666667,0.0,0.0,05-10 08:56:37
51.00666666666667,1812045824.0,1351427.3333333333,1343029.0,0.0,13653.333333333334,05-10 08:56:38
50.086333333333336,1811920213.3333333,1384289.3333333333,1374146.3333333333,0.0,0.0,05-10 08:56:39
50.92366666666666,1811805525.3333333,1311435.6666666667,1376378.3333333333,0.0,16384.0,05-10 08:56:40
50.5,1759959722.6666667,1187790.3333333333,1128041.3333333333,0.0,0.0,05-10 08:56:41
50.66833333333333,1759928320.0,1318332.0,1365202.3333333333,0.0,0.0,05-10 08:56:42
49.580333333333336,1759745365.3333333,1154121.3333333333,50810.333333333336,0.0,19114.666666666668,05-10 08:56:43
33.83233333333334,1759754922.6666667,201.66666666666666,1086.6666666666667,0.0,0.0,05-10 08:56:44
33.41733333333333,1759744000.0,187.0,1010.3333333333334,0.0,39594.666666666664,05-10 08:56:45
33.92033333333334,1759565141.3333333,304.3333333333333,1546.6666666666667,0.0,0.0,05-10 08:56:46
28.333333333333332,1759659349.3333333,657.6666666666666,2496.3333333333335,0.0,8192.0,05-10 08:56:47
17.169333333333334,1759604736.0,231.0,2250.6666666666665,0.0,16384.0,05-10 08:56:48
35.70133333333334,1758093312.0,149929.66666666666,60116.0,0.0,0.0,05-10 08:56:49
35.34,1760680618.6666667,25445.666666666668,9326.666666666666,0.0,70997.33333333333,05-10 08:56:50
33.83733333333334,1760889514.6666667,165.0,870.3333333333334,0.0,0.0,05-10 08:56:51
34.253,1760854016.0,437.6666666666667,2681.3333333333335,0.0,0.0,05-10 08:56:52
50.32333333333333,1763321173.3333333,1526325.3333333333,20455.0,0.0,167936.0,05-10 08:56:53
51.427,1763743061.3333333,1600232.0,4060.3333333333335,0.0,0.0,05-10 08:56:54
50.416333333333334,1763691178.6666667,1580965.3333333333,4230.0,0.0,4096.0,05-10 08:56:55
49.917,1763539626.6666667,1601218.0,4211.333333333333,0.0,126976.0,05-10 08:56:56
51.50333333333333,1763323904.0,1516155.0,3634.3333333333335,0.0,43690.666666666664,05-10 08:56:57
51.00266666666666,1673807189.3333333,1663655.3333333333,3935.3333333333335,0.0,27306.666666666668,05-10 08:56:58
49.91700000000001,1673089024.0,1582694.6666666667,5802.0,0.0,0.0,05-10 08:56:59
50.66833333333333,1673064448.0,1537340.3333333333,3759.6666666666665,0.0,12288.0,05-10 08:57:00
50.83599999999999,1673009834.6666667,1526382.3333333333,4608.0,0.0,0.0,05-10 08:57:01
50.91366666666667,1672803669.3333333,1452941.0,7836.666666666667,0.0,4096.0,05-10 08:57:02
50.58700000000001,1672899242.6666667,1522603.6666666667,3800.3333333333335,0.0,15018.666666666666,05-10 08:57:03
50.836666666666666,1672876032.0,1460920.0,3797.3333333333335,0.0,0.0,05-10 08:57:04
51.84166666666667,1664572074.6666667,1403371.6666666667,3812.6666666666665,0.0,9557.333333333334,05-10 08:57:05
50.75366666666667,1664506538.6666667,1472653.3333333333,3682.3333333333335,0.0,0.0,05-10 08:57:06
50.335,1664409600.0,1459691.0,4032.0,0.0,199338.66666666666,05-10 08:57:07
50.75300000000001,1664602112.0,1628519.0,4510.0,0.0,13653.333333333334,05-10 08:57:08
51.339,1664460117.3333333,1599653.6666666667,5109.0,0.0,0.0,05-10 08:57:09
52.01333333333334,1665062229.3333333,2656738.0,8406.333333333334,0.0,12288.0,05-10 08:57:10
50.41466666666667,1664880640.0,3009873.3333333335,6559.333333333333,0.0,0.0,05-10 08:57:11
51.087999999999994,1664770048.0,3068948.3333333335,9167.666666666666,0.0,0.0,05-10 08:57:12
50.498333333333335,1664858794.6666667,3094928.6666666665,6413.333333333333,0.0,24576.0,05-10 08:57:13
51.588,1664744106.6666667,2943268.3333333335,6392.0,0.0,0.0,05-10 08:57:14
51.41866666666667,1664958464.0,3013580.0,6443.666666666667,0.0,4096.0,05-10 08:57:15
51.00566666666668,1664722261.3333333,2966091.3333333335,6508.0,0.0,0.0,05-10 08:57:16
51.080333333333336,1665938773.3333333,2878948.6666666665,7603.333333333333,0.0,0.0,05-10 08:57:17
51.588,1667609941.3333333,2564538.6666666665,5261.666666666667,0.0,8192.0,05-10 08:57:18
50.839333333333336,1673229653.3333333,2813052.6666666665,10023.333333333334,0.0,0.0,05-10 08:57:19
50.582000000000015,1682504362.6666667,2786016.3333333335,6140.0,0.0,17749.333333333332,05-10 08:57:20
50.415333333333336,1690936661.3333333,2590843.6666666665,5162.333333333333,0.0,0.0,05-10 08:57:21
50.504333333333335,1698671274.6666667,2593239.3333333335,8500.0,0.0,25941.333333333332,05-10 08:57:22
50.25133333333333,1707543210.6666667,2157824.6666666665,8631.333333333334,0.0,16384.0,05-10 08:57:23
51.166666666666664,1716374186.6666667,1328458.3333333333,1023424.3333333334,0.0,0.0,05-10 08:57:24
50.262,1723304618.6666667,1378130.0,1305180.3333333333,0.0,4096.0,05-10 08:57:25
50.498333333333335,1731497984.0,1075252.6666666667,1236445.6666666667,0.0,20480.0,05-10 08:57:26
50.75366666666667,1737377109.3333333,1264827.6666666667,1218056.3333333333,0.0,0.0,05-10 08:57:27
51.50733333333334,1745898154.6666667,1367446.6666666667,1306999.6666666667,0.0,23210.666666666668,05-10 08:57:28
50.422000000000004,1748732586.6666667,1389747.3333333333,1373156.6666666667,0.0,10922.666666666666,05-10 08:57:29
49.999,1753336490.6666667,1378783.6666666667,1396340.6666666667,0.0,4096.0,05-10 08:57:30
51.089666666666666,1761959936.0,1244756.3333333333,203075.0,0.0,25941.333333333332,05-10 08:57:31
37.463,1767501824.0,37487.666666666664,5389.666666666667,0.0,42325.333333333336,05-10 08:57:32
34.08133333333333,1770220202.6666667,187.0,922.3333333333334,0.0,0.0,05-10 08:57:33
34.08533333333333,1776070656.0,223.66666666666666,1092.0,0.0,39594.666666666664,05-10 08:57:34
34.94866666666667,1785830058.6666667,61016.333333333336,10478.666666666666,0.0,4096.0,05-10 08:57:35
45.18266666666667,1789272064.0,440603.3333333333,395328.3333333333,0.0,0.0,05-10 08:57:36
52.52433333333334,1810545322.6666667,308467.0,172553.66666666666,0.0,20480.0,05-10 08:57:37
48.588666666666676,1852631722.6666667,1391.0,3146.3333333333335,0.0,49152.0,05-10 08:57:38
43.36233333333333,1864040448.0,12396.666666666666,11331.666666666666,1365.3333333333333,14517589.333333334,05-10 08:57:39
49.25866666666667,1925289301.3333333,778.6666666666666,3428.0,0.0,61793621.333333336,05-10 08:57:40
28.195333333333338,1922828970.6666667,99931.66666666667,23961.666666666668,1365.3333333333333,50176000.0,05-10 08:57:41
39.63066666666666,1925862741.3333333,42097.333333333336,23894.333333333332,4096.0,114459989.33333333,05-10 08:57:42
5.22,1926030677.3333333,3839.0,6484.333333333333,0.0,0.0,05-10 08:57:43
0.5016666666666666,1926265514.6666667,275.0,1451.0,0.0,98304.0,05-10 08:57:44
1.3953333333333333,1926412970.6666667,253.66666666666666,1031.3333333333333,0.0,39594.666666666664,05-10 08:57:45
13.972999999999999,1927791957.3333333,79690.0,47835.666666666664,2730.6666666666665,25018368.0,05-10 08:57:46
40.21966666666667,1932257962.6666667,333994.3333333333,164145.0,4096.0,60436480.0,05-10 08:57:47
34.71866666666667,1951880533.3333333,250746.66666666666,146326.33333333334,0.0,67858432.0,05-10 08:57:48
26.050666666666668,1941559978.6666667,72915.66666666667,36078.0,0.0,53248.0,05-10 08:57:49
34.089000000000006,1937977344.0,341.0,1437.6666666666667,0.0,87381.33333333333,05-10 08:57:50
34.25133333333333,1936857770.6666667,165.0,873.0,0.0,0.0,05-10 08:57:51
34.33566666666667,1936793600.0,365.0,2327.0,0.0,0.0,05-10 08:57:52
49.925333333333334,1935205717.3333333,1537683.0,22709.0,0.0,0.0,05-10 08:57:53
51.163333333333334,1933923669.3333333,1691200.3333333333,3939.6666666666665,0.0,0.0,05-10 08:57:54
50.923,1933437610.6666667,1571833.3333333333,3370.3333333333335,0.0,9557.333333333334,05-10 08:57:55
50.334333333333326,1933391189.3333333,1587052.6666666667,4202.333333333333,0.0,4096.0,05-10 08:57:56
51.166666666666664,1935328597.3333333,1673517.6666666667,3808.3333333333335,0.0,0.0,05-10 08:57:57
50.083666666666666,1936374442.6666667,1628275.0,3879.6666666666665,0.0,0.0,05-10 08:57:58
50.752,1846398976.0,1558717.6666666667,5976.333333333333,0.0,0.0,05-10 08:57:59
50.835,1846784000.0,1616731.3333333333,4165.666666666667,0.0,4096.0,05-10 08:58:00
49.74966666666666,1846835882.6666667,1580310.0,4535.666666666667,0.0,8192.0,05-10 08:58:01
50.835,1846822229.3333333,1666963.6666666667,7840.333333333333,0.0,0.0,05-10 08:58:02
50.75533333333333,1846830421.3333333,1584519.3333333333,4295.0,0.0,0.0,05-10 08:58:03
50.24966666666666,1846819498.6666667,1640400.6666666667,4015.6666666666665,0.0,0.0,05-10 08:58:04
50.75300000000001,1848751445.3333333,1579441.0,4465.0,0.0,4096.0,05-10 08:58:05
50.41366666666667,1851090261.3333333,1645931.3333333333,4130.333333333333,0.0,4096.0,05-10 08:58:06
50.99933333333333,1851087530.6666667,1681346.0,4220.666666666667,0.0,4096.0,05-10 08:58:07
50.25366666666667,1851632298.6666667,1547366.3333333333,4053.3333333333335,0.0,0.0,05-10 08:58:08
50.416000000000004,1852609877.3333333,2852868.3333333335,10285.0,0.0,0.0,05-10 08:58:09
50.752,1853038592.0,3239557.0,6671.666666666667,0.0,17749.333333333332,05-10 08:58:10
50.25033333333334,1853091840.0,3165624.6666666665,7229.0,0.0,30037.333333333332,05-10 08:58:11
50.50333333333333,1852772352.0,3093047.6666666665,8415.666666666666,0.0,25941.333333333332,05-10 08:58:12
50.07633333333333,1853112320.0,3019571.3333333335,5892.333333333333,0.0,30037.333333333332,05-10 08:58:13
50.42133333333334,1853378560.0,3092527.3333333335,6521.666666666667,0.0,0.0,05-10 08:58:14
49.998333333333335,1853211989.3333333,3008509.0,6487.666666666667,0.0,13653.333333333334,05-10 08:58:15
50.417,1853110954.6666667,2810439.6666666665,6441.666666666667,0.0,90112.0,05-10 08:58:16
50.42033333333333,1853184682.6666667,2929792.6666666665,7585.0,0.0,158378.66666666666,05-10 08:58:17
50.82933333333333,1852983978.6666667,2711481.6666666665,8520.333333333334,0.0,174762.66666666666,05-10 08:58:18
51.260333333333335,1852979882.6666667,2904593.6666666665,6995.666666666667,0.0,0.0,05-10 08:58:19
50.66933333333333,1855389696.0,2817491.0,6369.0,0.0,17749.333333333332,05-10 08:58:20
51.084666666666664,1857993386.6666667,2731329.3333333335,6493.333333333333,0.0,131072.0,05-10 08:58:21
51.086333333333336,1859035136.0,2279501.3333333335,804035.6666666666,0.0,77824.0,05-10 08:58:22
49.833333333333336,1864690346.6666667,1347129.3333333333,1380387.3333333333,0.0,50517.333333333336,05-10 08:58:23
50.91366666666667,1865289728.0,1410360.3333333333,1359793.0,0.0,19114.666666666668,05-10 08:58:24
50.339000000000006,1867534336.0,1406087.3333333333,1473875.6666666667,0.0,16384.0,05-10 08:58:25
50.422000000000004,1873200469.3333333,1236231.0,1312986.0,0.0,0.0,05-10 08:58:26
50.334,1877159936.0,1202641.6666666667,1201933.0,0.0,8192.0,05-10 08:58:27
50.58533333333333,1880780800.0,1321719.3333333333,1280742.0,0.0,0.0,05-10 08:58:28
51.184333333333335,1834680320.0,1197346.6666666667,333952.0,0.0,0.0,05-10 08:58:29
40.42366666666667,1778621098.6666667,240672.66666666666,2845.3333333333335,0.0,9557.333333333334,05-10 08:58:30
34.088,1778627925.3333333,209.0,903.0,0.0,0.0,05-10 08:58:31
34.086999999999996,1778571946.6666667,607.0,4290.333333333333,0.0,4096.0,05-10 08:58:32
32.077,1778562389.3333333,363.6666666666667,1166.6666666666667,0.0,0.0,05-10 08:58:33
35.09766666666667,1781784576.0,151854.66666666666,63714.0,0.0,0.0,05-10 08:58:34
32.315,1779658752.0,19246.333333333332,3167.3333333333335,0.0,143360.0,05-10 08:58:35
34.25299999999999,1779989162.6666667,165.0,873.0,0.0,0.0,05-10 08:58:36
33.91366666666667,1779744768.0,165.0,867.6666666666666,0.0,73728.0,05-10 08:58:37
49.413000000000004,1780060160.0,1551063.0,5722.333333333333,0.0,0.0,05-10 08:58:38
50.50733333333334,1780375552.0,1658957.0,5575.0,0.0,0.0,05-10 08:58:39
50.252,1780462933.3333333,1562101.6666666667,3929.6666666666665,0.0,30037.333333333332,05-10 08:58:40
51.333333333333336,1780325034.6666667,1575903.6666666667,4186.333333333333,0.0,96938.66666666667,05-10 08:58:41
51.34166666666667,1780239018.6666667,1387356.0,6096.333333333333,0.0,24576.0,05-10 08:58:42
50.74866666666667,1780273152.0,1631228.6666666667,3518.3333333333335,0.0,20480.0,05-10 08:58:43
50.33233333333334,1780372821.3333333,1569679.3333333333,4230.333333333333,0.0,0.0,05-10 08:58:44
50.498333333333335,1780229461.3333333,1461445.3333333333,3746.3333333333335,0.0,68266.66666666667,05-10 08:58:45
50.92033333333333,1780224000.0,1527915.6666666667,4388.333333333333,0.0,13653.333333333334,05-10 08:58:46
50.33233333333334,1780187136.0,1566850.3333333333,5063.0,0.0,19114.666666666668,05-10 08:58:47
50.24866666666667,1780251306.6666667,1609046.6666666667,3470.3333333333335,0.0,5461.333333333333,05-10 08:58:48
50.583666666666666,1781881514.6666667,1612983.6666666667,5393.666666666667,0.0,0.0,05-10 08:58:49
50.583666666666666,1784859306.6666667,1638561.3333333333,4200.333333333333,0.0,5461.333333333333,05-10 08:58:50
50.583666666666666,1767964672.0,1549263.0,3751.0,0.0,9557.333333333334,05-10 08:58:51
50.172666666666665,1773531136.0,1469073.0,6368.333333333333,0.0,10922.666666666666,05-10 08:58:52
51.25033333333334,1771216896.0,1540801.6666666667,4005.6666666666665,0.0,195242.66666666666,05-10 08:58:53
51.26466666666666,1771532288.0,2071770.0,7409.0,0.0,0.0,05-10 08:58:54
50.666666666666664,1771518634.6666667,3113867.3333333335,6511.666666666667,0.0,19114.666666666668,05-10 08:58:55
50.836666666666666,1771545941.3333333,3034502.0,6649.666666666667,0.0,0.0,05-10 08:58:56
50.50233333333333,1771585536.0,3052855.3333333335,6713.0,0.0,12288.0,05-10 08:58:57
50.583666666666666,1771614208.0,3034105.3333333335,6170.333333333333,0.0,5461.333333333333,05-10 08:58:58
50.41733333333334,1771536384.0,3020755.0,7709.666666666667,0.0,0.0,05-10 08:58:59
51.00933333333333,1771468117.3333333,2797837.6666666665,5651.666666666667,0.0,4096.0,05-10 08:59:00
49.748,1771453098.6666667,2951645.6666666665,6611.666666666667,0.0,0.0,05-10 08:59:01
50.66833333333333,1771580074.6666667,2778804.6666666665,10270.333333333334,0.0,4096.0,05-10 08:59:02
50.74966666666666,1771435349.3333333,2633346.3333333335,6106.333333333333,0.0,2730.6666666666665,05-10 08:59:03
51.336666666666666,1771473578.6666667,2880797.3333333335,9102.333333333334,0.0,4096.0,05-10 08:59:04
50.584666666666664,1771601920.0,2710061.3333333335,6275.666666666667,0.0,4096.0,05-10 08:59:05
50.336666666666666,1771494058.6666667,2697945.0,5812.333333333333,0.0,0.0,05-10 08:59:06
50.835,1771319296.0,2540266.6666666665,5781.666666666667,0.0,10922.666666666666,05-10 08:59:07
51.092000000000006,1771380736.0,2037765.6666666667,751601.0,0.0,13653.333333333334,05-10 08:59:08
51.76200000000001,1776021504.0,1016030.0,1111598.0,0.0,23210.666666666668,05-10 08:59:09
52.00933333333333,1780208981.3333333,1289495.6666666667,1136553.6666666667,0.0,6826.666666666667,05-10 08:59:10
50.501666666666665,1782980608.0,1238532.6666666667,1243037.3333333333,0.0,0.0,05-10 08:59:11
51.66233333333333,1788757333.3333333,1375801.3333333333,1330409.6666666667,0.0,43690.666666666664,05-10 08:59:12
51.082,1788628992.0,1287034.0,1352254.3333333333,0.0,40960.0,05-10 08:59:13
50.504,1788686336.0,1283730.6666666667,1276211.3333333333,0.0,0.0,05-10 08:59:14
52.185,1788620800.0,1289617.3333333333,905421.3333333334,0.0,20480.0,05-10 08:59:15
44.417,1788519765.3333333,710765.3333333334,3766.6666666666665,0.0,0.0,05-10 08:59:16
33.92133333333333,1788503381.3333333,363.0,2745.6666666666665,0.0,72362.66666666667,05-10 08:59:17
33.74966666666666,1788500650.6666667,209.0,961.0,0.0,1365.3333333333333,05-10 08:59:18
31.32166666666667,1788470613.3333333,419.6666666666667,2452.6666666666665,0.0,0.0,05-10 08:59:19
34.30433333333334,1788598954.6666667,70317.66666666667,16585.0,0.0,24576.0,05-10 08:59:20
51.51233333333334,1788679509.3333333,545432.3333333334,391613.0,0.0,0.0,05-10 08:59:21
49.154333333333334,1833178453.3333333,199361.0,192577.66666666666,0.0,39594.666666666664,05-10 08:59:22
48.38066666666666,1889450666.6666667,5528.333333333333,5874.333333333333,0.0,5461.333333333333,05-10 08:59:23
44.07466666666668,1950332245.3333333,8594.666666666666,8085.0,0.0,32766634.666666668,05-10 08:59:24
48.443333333333335,1948355242.6666667,489.0,1401.3333333333333,0.0,39844522.666666664,05-10 08:59:25
24.735666666666663,1959755776.0,96715.33333333333,23918.666666666668,1365.3333333333333,53982549.333333336,05-10 08:59:26
33.050000000000004,1999583914.6666667,44873.666666666664,24677.0,2730.6666666666665,114621098.66666667,05-10 08:59:27
12.900333333333338,1999825578.6666667,4007.6666666666665,4782.333333333333,0.0,0.0,05-10 08:59:28
4.013333333333334,1999937536.0,610.3333333333334,3180.0,0.0,0.0,05-10 08:59:29
14.815666666666667,2028882602.6666667,165331.0,65528.666666666664,0.0,72362.66666666667,05-10 08:59:30
12.062,2035800746.6666667,34457.0,19211.0,1365.3333333333333,37486592.0,05-10 08:59:31
28.213666666666665,2038175061.3333333,410368.6666666667,258675.0,4096.0,54818133.333333336,05-10 08:59:32
13.741,2035991893.3333333,117134.0,82070.33333333333,0.0,61569706.666666664,05-10 08:59:33
32.30866666666667,2027406677.3333333,27232.666666666668,9047.0,0.0,0.0,05-10 08:59:34
34.163333333333334,2026693973.3333333,293.0,1666.3333333333333,0.0,79189.33333333333,05-10 08:59:35
33.752,2026677589.3333333,165.0,870.3333333333334,0.0,80554.66666666667,05-10 08:59:36
50.166,2026351274.6666667,1507006.6666666667,22837.666666666668,0.0,83285.33333333333,05-10 08:59:37
50.166,2025529344.0,1662149.0,4847.0,0.0,0.0,05-10 08:59:38
50.415333333333336,2024712874.6666667,1641690.0,5173.0,0.0,0.0,05-10 08:59:39
49.918,2024762026.6666667,1683015.3333333333,4041.6666666666665,0.0,0.0,05-10 08:59:40
49.918,2025190741.3333333,1731197.0,5031.0,0.0,8192.0,05-10 08:59:41
51.09233333333333,2025136128.0,1664408.3333333333,6717.666666666667,0.0,0.0,05-10 08:59:42
50.58633333333333,2025122474.6666667,1626534.3333333333,4309.0,0.0,4096.0,05-10 08:59:43
50.25299999999999,2025156608.0,1682826.3333333333,4847.666666666667,0.0,0.0,05-10 08:59:44
51.004,2025156608.0,1712791.0,4127.666666666667,0.0,0.0,05-10 08:59:45
49.75200000000001,2028093440.0,1694248.6666666667,4667.0,0.0,8192.0,05-10 08:59:46
50.001,2029091498.6666667,1714659.0,5717.666666666667,0.0,0.0,05-10 08:59:47
50.085333333333345,2029208917.3333333,1674491.3333333333,4363.666666666667,0.0,4096.0,05-10 08:59:48
50.50266666666666,2031804416.0,1592543.6666666667,5849.666666666667,0.0,0.0,05-10 08:59:49
49.917,2032196266.6666667,1648383.6666666667,4737.0,0.0,0.0,05-10 08:59:50
50.75033333333334,2032200362.6666667,1588913.6666666667,3747.6666666666665,0.0,8192.0,05-10 08:59:51
50.42033333333333,2032761514.6666667,1597252.6666666667,6815.666666666667,0.0,0.0,05-10 08:59:52
51.26133333333333,2032989525.3333333,2229516.3333333335,9261.0,0.0,4096.0,05-10 08:59:53
50.501,2033139712.0,3036923.0,7135.666666666667,0.0,0.0,05-10 08:59:54
50.66766666666666,2033205248.0,3102901.0,7003.666666666667,0.0,0.0,05-10 08:59:55
50.50333333333334,2034199210.6666667,2834349.3333333335,6767.0,0.0,50517.333333333336,05-10 08:59:56
50.166666666666664,2035828053.3333333,2903830.3333333335,6385.0,0.0,25941.333333333332,05-10 08:59:57
50.83833333333333,2038075392.0,3188562.0,7169.0,0.0,28672.0,05-10 08:59:58
50.00066666666667,1942039210.6666667,2879386.3333333335,8599.0,0.0,0.0,05-10 08:59:59
50.583666666666666,1941994154.6666667,2744893.6666666665,6333.666666666667,0.0,0.0,05-10 09:00:00
50.166666666666664,1941958656.0,2479828.0,6067.0,0.0,106496.0,05-10 09:00:01
50.416000000000004,1942097920.0,2820207.6666666665,12823.666666666666,0.0,81920.0,05-10 09:00:02
51.088666666666676,1942054229.3333333,2859131.0,6519.0,0.0,99669.33333333333,05-10 09:00:03
50.166666666666664,1942029653.3333333,2688503.0,5672.333333333333,0.0,0.0,05-10 09:00:04
50.504333333333335,1942062421.3333333,2796160.6666666665,6555.0,0.0,0.0,05-10 09:00:05
51.17166666666666,1942111573.3333333,2717616.3333333335,319661.6666666667,0.0,32768.0,05-10 09:00:06
50.66766666666666,1941813930.6666667,1723463.6666666667,1370874.3333333333,0.0,0.0,05-10 09:00:07
50.5,1941813930.6666667,1326451.0,1356913.0,0.0,17749.333333333332,05-10 09:00:08
50.422,1941984597.3333333,1263735.6666666667,1354357.6666666667,0.0,0.0,05-10 09:00:09
50.25133333333333,1941985962.6666667,1288047.6666666667,1253009.6666666667,0.0,0.0,05-10 09:00:10
50.24866666666667,1942046037.3333333,1354143.6666666667,1309378.3333333333,0.0,4096.0,05-10 09:00:11
50.084666666666664,1941981866.6666667,1222701.6666666667,1292502.3333333333,0.0,6826.666666666667,05-10 09:00:12
50.417,1942036480.0,1327460.6666666667,868849.6666666666,0.0,4096.0,05-10 09:00:13
45.306666666666665,1941894485.3333333,680997.0,2917.0,0.0,0.0,05-10 09:00:14
33.75133333333333,1941891754.6666667,165.0,2196.3333333333335,0.0,0.0,05-10 09:00:15
34.00333333333334,1941889024.0,231.0,1377.0,0.0,36864.0,05-10 09:00:16
33.24633333333333,1941925888.0,690.3333333333334,2913.3333333333335,0.0,64170.666666666664,05-10 09:00:17
25.817666666666668,1937266005.3333333,95467.0,29887.0,0.0,15018.666666666666,05-10 09:00:18
31.72,1934972245.3333333,58238.0,18917.333333333332,0.0,0.0,05-10 09:00:19
34.0,1935145642.6666667,275.0,1457.0,0.0,0.0,05-10 09:00:20
33.665666666666674,1935156565.3333333,201.0,1112.3333333333333,0.0,39594.666666666664,05-10 09:00:21
48.584666666666664,1935278080.0,1524476.3333333333,22890.0,0.0,0.0,05-10 09:00:22
50.687666666666665,1839671978.6666667,1610391.6666666667,4613.0,0.0,69632.0,05-10 09:00:23
49.833333333333336,1839801685.3333333,1533226.3333333333,4137.0,0.0,0.0,05-10 09:00:24
51.24700000000001,1754742784.0,1309245.0,3513.6666666666665,0.0,0.0,05-10 09:00:25
50.669999999999995,1754645845.3333333,1495862.3333333333,4673.0,0.0,81920.0,05-10 09:00:26
51.252,1754771456.0,1563177.0,3971.0,0.0,55978.666666666664,05-10 09:00:27
51.833333333333336,1754816512.0,1658560.0,4112.333333333333,0.0,24576.0,05-10 09:00:28
49.92133333333334,1754750976.0,1502927.3333333333,6233.0,0.0,21845.333333333332,05-10 09:00:29
51.26733333333333,1754633557.3333333,1604307.0,4068.3333333333335,0.0,0.0,05-10 09:00:30
50.334,1754761898.6666667,1599081.3333333333,4367.0,0.0,13653.333333333334,05-10 09:00:31
50.418666666666674,1754785109.3333333,1574934.0,8421.0,0.0,0.0,05-10 09:00:32
50.75033333333334,1752249685.3333333,1532289.6666666667,4145.666666666667,0.0,12288.0,05-10 09:00:33
50.75633333333334,1751040000.0,1531978.6666666667,3920.3333333333335,0.0,4096.0,05-10 09:00:34
50.501666666666665,1750929408.0,1603723.0,4445.666666666667,0.0,0.0,05-10 09:00:35
50.25200000000001,1751046826.6666667,1631455.3333333333,4051.6666666666665,0.0,43690.666666666664,05-10 09:00:36
50.74633333333333,1751079594.6666667,1557929.3333333333,4227.0,0.0,0.0,05-10 09:00:37
50.583,1751031808.0,1579382.0,4557.0,0.0,45056.0,05-10 09:00:38
51.082,1751379968.0,2656749.3333333335,9982.333333333334,0.0,0.0,05-10 09:00:39
50.669999999999995,1751176533.3333333,3069119.6666666665,7345.0,0.0,28672.0,05-10 09:00:40
50.83733333333333,1751217493.3333333,3132509.3333333335,7423.666666666667,0.0,4096.0,05-10 09:00:41
50.75366666666667,1751173802.6666667,3041001.3333333335,8906.333333333334,0.0,0.0,05-10 09:00:42
50.99933333333333,1751101440.0,3045163.0,6205.666666666667,0.0,25941.333333333332,05-10 09:00:43
50.925333333333334,1751162880.0,2837063.6666666665,6859.0,0.0,0.0,05-10 09:00:44
51.17166666666666,1751126016.0,3060673.6666666665,6401.666666666667,0.0,21845.333333333332,05-10 09:00:45
51.916333333333334,1751359488.0,2830164.3333333335,6255.666666666667,0.0,17749.333333333332,05-10 09:00:46
49.83166666666667,1751123285.3333333,2710172.0,6855.0,0.0,0.0,05-10 09:00:47
50.16733333333334,1751060480.0,2762027.3333333335,8663.0,0.0,2730.6666666666665,05-10 09:00:48
50.923,1751255722.6666667,2774611.0,7040.333333333333,0.0,8192.0,05-10 09:00:49
50.24933333333334,1751190186.6666667,2691134.0,6283.666666666667,0.0,4096.0,05-10 09:00:50
50.504,1753696938.6666667,2788434.0,5998.333333333333,0.0,19114.666666666668,05-10 09:00:51
50.583666666666666,1757401088.0,2481965.3333333335,697424.6666666666,0.0,0.0,05-10 09:00:52
51.49933333333333,1763225600.0,1306523.6666666667,1312493.3333333333,0.0,5461.333333333333,05-10 09:00:53
50.335,1763033088.0,1345676.6666666667,1310488.3333333333,0.0,23210.666666666668,05-10 09:00:54
51.004999999999995,1766763178.6666667,1320941.6666666667,1325558.6666666667,0.0,8192.0,05-10 09:00:55
49.74966666666666,1769650858.6666667,1222239.3333333333,1259129.0,0.0,4096.0,05-10 09:00:56
49.915333333333336,1775196842.6666667,1167705.0,1292242.0,0.0,20480.0,05-10 09:00:57
51.173333333333325,1778756266.6666667,1283150.0,1168393.0,0.0,20480.0,05-10 09:00:58
50.83566666666667,1787284138.6666667,1329100.6666666667,758650.0,0.0,9557.333333333334,05-10 09:00:59
42.457,1793848661.3333333,542168.3333333334,3602.0,0.0,0.0,05-10 09:01:00
33.582,1798042965.3333333,209.0,897.6666666666666,0.0,10922.666666666666,05-10 09:01:01
33.752,1803542528.0,585.0,4386.333333333333,0.0,30037.333333333332,05-10 09:01:02
33.74966666666667,1806348288.0,227.0,1153.6666666666667,0.0,0.0,05-10 09:01:03
31.409000000000002,1816683861.3333333,86148.33333333333,16532.666666666668,0.0,17749.333333333332,05-10 09:01:04
48.427,1820900010.6666667,479847.6666666667,391912.3333333333,0.0,0.0,05-10 09:01:05
50.276666666666664,1871921152.0,241089.66666666666,167858.66666666666,0.0,106496.0,05-10 09:01:06
48.55833333333334,1887772672.0,5617.666666666667,6451.0,0.0,0.0,05-10 09:01:07
41.93933333333333,1942138880.0,8829.333333333334,8161.0,0.0,66891776.0,05-10 09:01:08
46.665,1967846741.3333333,486.3333333333333,3848.0,0.0,64170.666666666664,05-10 09:01:09
23.581333333333333,1973278037.3333333,97513.33333333333,22258.0,0.0,64334506.666666664,05-10 09:01:10
33.715666666666664,1984268970.6666667,61330.333333333336,43506.333333333336,1365.3333333333333,109021866.66666667,05-10 09:01:11
27.280666666666665,2045146453.3333333,152622.33333333334,53035.333333333336,0.0,0.0,05-10 09:01:12
1.002,2052224341.3333333,179.0,2167.6666666666665,0.0,0.0,05-10 09:01:13
26.350000000000005,2047516672.0,138149.0,60469.333333333336,2730.6666666666665,67291818.66666667,05-10 09:01:14
32.205666666666666,2056441856.0,351333.3333333333,252415.0,0.0,38166528.0,05-10 09:01:15
25.905333333333335,2045796352.0,95601.33333333333,43103.666666666664,0.0,49134250.666666664,05-10 09:01:16
35.276,2042499072.0,752.6666666666666,3022.0,0.0,0.0,05-10 09:01:17
33.915333333333336,2041211562.6666667,165.0,845.6666666666666,0.0,0.0,05-10 09:01:18
33.919666666666664,2040862037.3333333,265.0,2131.6666666666665,0.0,81920.0,05-10 09:01:19
49.742999999999995,2040390997.3333333,1491923.6666666667,22227.0,0.0,0.0,05-10 09:01:20
50.74866666666667,2039716522.6666667,1638754.3333333333,3677.6666666666665,0.0,46421.333333333336,05-10 09:01:21
51.252,2039559509.3333333,1570326.0,6059.666666666667,0.0,0.0,05-10 09:01:22
50.58700000000001,2039513088.0,1670745.3333333333,4309.0,0.0,0.0,05-10 09:01:23
49.583,2039534933.3333333,1566728.3333333333,3581.6666666666665,0.0,0.0,05-10 09:01:24
51.16733333333334,2039477589.3333333,1645073.6666666667,3729.6666666666665,0.0,5461.333333333333,05-10 09:01:25
51.01,2039547221.3333333,1495560.3333333333,4321.0,0.0,0.0,05-10 09:01:26
50.166666666666664,2039618218.6666667,1662928.0,3489.6666666666665,0.0,8192.0,05-10 09:01:27
50.418,2039768405.3333333,1635990.0,3657.0,0.0,0.0,05-10 09:01:28
50.083,2039981397.3333333,1464729.6666666667,5188.333333333333,0.0,0.0,05-10 09:01:29
50.67166666666666,2040735061.3333333,1484074.3333333333,3739.0,0.0,4096.0,05-10 09:01:30
51.09033333333334,2041708544.0,1538469.3333333333,3843.6666666666665,0.0,0.0,05-10 09:01:31
50.58533333333333,2041817770.6666667,1583057.3333333333,7921.0,0.0,4096.0,05-10 09:01:32
50.663333333333334,2041771349.3333333,1504088.6666666667,3622.3333333333335,0.0,4096.0,05-10 09:01:33
50.25200000000001,2042157738.6666667,1368334.3333333333,3306.3333333333335,0.0,0.0,05-10 09:01:34
49.916333333333334,2044108800.0,1558193.3333333333,4207.0,0.0,4096.0,05-10 09:01:35
50.5,2044899328.0,1591595.0,3676.3333333333335,0.0,0.0,05-10 09:01:36
51.25466666666667,2045105493.3333333,2043563.0,6747.666666666667,0.0,4096.0,05-10 09:01:37
50.0,2045288448.0,3020589.3333333335,6964.333333333333,0.0,0.0,05-10 09:01:38
50.334,2045179221.3333333,3005856.3333333335,7059.0,0.0,4096.0,05-10 09:01:39
50.083,2045728085.3333333,2787598.3333333335,5742.333333333333,0.0,31402.666666666668,05-10 09:01:40
50.08533333333333,2046018901.3333333,2902917.6666666665,6306.333333333333,0.0,30037.333333333332,05-10 09:01:41
50.335,2045983402.6666667,3017601.0,8773.0,0.0,20480.0,05-10 09:01:42
50.083,2046068053.3333333,2987054.6666666665,6426.333333333333,0.0,0.0,05-10 09:01:43
50.41933333333335,2046066688.0,2810371.3333333335,6759.0,0.0,28672.0,05-10 09:01:44
50.58866666666666,2046018901.3333333,2685938.6666666665,8544.333333333334,0.0,109226.66666666667,05-10 09:01:45
50.757000000000005,2046155434.6666667,2676368.3333333335,6533.0,0.0,150186.66666666666,05-10 09:01:46
50.75533333333333,2046171818.6666667,2866241.3333333335,7949.0,0.0,10922.666666666666,05-10 09:01:47
50.166666666666664,2046122666.6666667,2761269.3333333335,6298.333333333333,0.0,0.0,05-10 09:01:48
50.165666666666674,2045764949.3333333,2737985.0,7809.0,0.0,169301.33333333334,05-10 09:01:49
50.335,2046012074.6666667,2678154.6666666665,696113.6666666666,0.0,132437.33333333334,05-10 09:01:50
50.83233333333334,2045906944.0,2203617.0,1347942.3333333333,0.0,0.0,05-10 09:01:51
51.59133333333333,2045808640.0,1302186.3333333333,1312517.3333333333,0.0,0.0,05-10 09:01:52
51.67166666666666,2045825024.0,1250197.6666666667,1301949.3333333333,0.0,19114.666666666668,05-10 09:01:53
49.92033333333333,2045856426.6666667,1173423.0,1272572.0,0.0,0.0,05-10 09:01:54
51.50333333333333,2045913770.6666667,1298184.6666666667,1147995.0,0.0,19114.666666666668,05-10 09:01:55
50.66766666666666,2046044842.6666667,1333889.6666666667,1321803.3333333333,0.0,0.0,05-10 09:01:56
50.58700000000001,2045915136.0,1431253.3333333333,692326.6666666666,0.0,0.0,05-10 09:01:57
40.45466666666667,2045688490.6666667,325267.3333333333,2955.3333333333335,0.0,4096.0,05-10 09:01:58
33.583,2045677568.0,455.0,2743.0,0.0,0.0,05-10 09:01:59
25.046999999999997,2045684394.6666667,289.6666666666667,2374.3333333333335,0.0,17749.333333333332,05-10 09:02:00
17.002,2045726720.0,293.0,1230.3333333333333,0.0,0.0,05-10 09:02:01
17.250333333333337,2045748565.3333333,629.0,4290.333333333333,0.0,0.0,05-10 09:02:02
22.166666666666668,2045852330.6666667,57968.666666666664,13081.333333333334,0.0,4096.0,05-10 09:02:03
16.149,2039446186.6666667,75267.66666666667,38560.333333333336,0.0,0.0,05-10 09:02:04
36.818,2039814826.6666667,41914.333333333336,19988.666666666668,0.0,101034.66666666667,05-10 09:02:05
33.75066666666667,2039823018.6666667,165.0,881.0,0.0,0.0,05-10 09:02:06
33.836000000000006,2039758848.0,187.0,911.6666666666666,0.0,0.0,05-10 09:02:07
53.835,2040072874.6666667,2222902.6666666665,27414.0,0.0,46421.333333333336,05-10 09:02:08
50.758,2039980032.0,3120156.3333333335,6383.0,0.0,0.0,05-10 09:02:09
50.665,2040094720.0,3058417.3333333335,5325.666666666667,0.0,31402.666666666668,05-10 09:02:10
50.083,2040064682.6666667,2908386.3333333335,5711.0,0.0,20480.0,05-10 09:02:11
50.33500000000001,2040127488.0,2840068.0,7693.0,0.0,0.0,05-10 09:02:12
50.501666666666665,2040061952.0,2805892.6666666665,5127.666666666667,0.0,8192.0,05-10 09:02:13
50.25033333333334,2039772501.3333333,2914807.0,5643.666666666667,0.0,20480.0,05-10 09:02:14
50.16733333333334,2036056064.0,2805153.0,5158.333333333333,0.0,9557.333333333334,05-10 09:02:15
50.834333333333326,2035987797.3333333,4680758.333333333,10732.666666666666,0.0,19114.666666666668,05-10 09:02:16
49.917,2036198058.6666667,5680094.666666667,10615.0,0.0,0.0,05-10 09:02:17
49.665,2036090197.3333333,5659952.0,9379.666666666666,1365.3333333333333,20480.0,05-10 09:02:18
50.166666666666664,2036043776.0,5211865.666666667,9519.666666666666,0.0,2730.6666666666665,05-10 09:02:19
50.583,2035993258.6666667,5603051.333333333,9545.666666666666,0.0,60074.666666666664,05-10 09:02:20
50.00066666666667,2036263594.6666667,5111163.666666667,10362.0,0.0,66901.33333333333,05-10 09:02:21
49.995000000000005,2036214442.6666667,5107989.0,10497.666666666666,0.0,0.0,05-10 09:02:22
50.330999999999996,2036181674.6666667,4788502.333333333,8272.666666666666,0.0,10922.666666666666,05-10 09:02:23
36.67333333333334,2035956394.6666667,403039.6666666667,86318.66666666667,0.0,43690.666666666664,05-10 09:02:24
49.74700000000001,2036176213.3333333,2192653.0,1112711.3333333333,0.0,28672.0,05-10 09:02:25
49.918,2036092928.0,2282885.3333333335,2321461.6666666665,0.0,0.0,05-10 09:02:26
49.583666666666666,2036243114.6666667,2265985.6666666665,2310817.0,0.0,4096.0,05-10 09:02:27
50.66833333333333,2036110677.3333333,2214686.6666666665,2244174.6666666665,0.0,12288.0,05-10 09:02:28
46.80066666666667,2036001450.6666667,1716715.3333333333,991987.0,0.0,0.0,05-10 09:02:29
19.671,2035946837.3333333,6060.666666666667,3871.0,0.0,17749.333333333332,05-10 09:02:30
30.694,2036876629.3333333,158273.33333333334,23676.333333333332,0.0,0.0,05-10 09:02:31
36.275000000000006,2037374976.0,15175.666666666666,4743.666666666667,0.0,0.0,05-10 09:02:32
34.169999999999995,2037344938.6666667,209.0,889.6666666666666,0.0,39594.666666666664,05-10 09:02:33
33.83433333333333,2037325824.0,165.0,895.0,0.0,0.0,05-10 09:02:34
49.495000000000005,2038225578.6666667,1563974.0,6020.0,0.0,8192.0,05-10 09:02:35
50.66933333333333,2038027605.3333333,1658462.0,4014.3333333333335,0.0,0.0,05-10 09:02:36
50.584666666666664,2037963434.6666667,1649274.0,4043.6666666666665,0.0,0.0,05-10 09:02:37
50.00233333333333,2037945685.3333333,1666141.6666666667,4825.0,0.0,0.0,05-10 09:02:38
50.67166666666666,2037942954.6666667,1739681.3333333333,5483.333333333333,0.0,8192.0,05-10 09:02:39
51.089333333333336,2037874688.0,1592284.3333333333,3825.0,0.0,25941.333333333332,05-10 09:02:40
50.835,2037589333.3333333,1600494.6666666667,4658.333333333333,0.0,20480.0,05-10 09:02:41
50.33833333333333,2037501952.0,1614629.0,6195.0,0.0,0.0,05-10 09:02:42
50.834333333333326,2037551104.0,1584254.6666666667,3509.6666666666665,0.0,0.0,05-10 09:02:43
50.083000000000006,2037601621.3333333,1718365.6666666667,4483.0,0.0,65536.0,05-10 09:02:44
50.418,2037507413.3333333,1649029.0,4035.6666666666665,0.0,23210.666666666668,05-10 09:02:45
50.83166666666667,2037485568.0,1675195.0,4605.666666666667,0.0,0.0,05-10 09:02:46
51.08866666666666,2037507413.3333333,1711240.3333333333,5689.666666666667,0.0,0.0,05-10 09:02:47
49.917,2037534720.0,1714287.6666666667,4097.666666666667,0.0,0.0,05-10 09:02:48
50.83766666666666,2037516970.6666667,1766775.0,5188.0,0.0,9557.333333333334,05-10 09:02:49
50.501666666666665,2037568853.3333333,1495653.0,4389.666666666667,0.0,8192.0,05-10 09:02:50
51.42366666666667,2038116352.0,3089795.3333333335,8564.333333333334,0.0,16384.0,05-10 09:02:51
50.75133333333333,2038001664.0,3137804.3333333335,8869.666666666666,0.0,0.0,05-10 09:02:52
50.16833333333333,2038067200.0,3156853.0,7051.666666666667,0.0,0.0,05-10 09:02:53
50.41866666666667,2038125909.3333333,3163359.0,5915.666666666667,0.0,34133.333333333336,05-10 09:02:54
50.16900000000001,2037977088.0,2940285.0,6049.666666666667,0.0,43690.666666666664,05-10 09:02:55
50.166666666666664,2037998933.3333333,3086891.6666666665,7221.666666666667,0.0,36864.0,05-10 09:02:56
50.169999999999995,2038061738.6666667,3026964.6666666665,6534.333333333333,0.0,12288.0,05-10 09:02:57
50.924666666666674,2038050816.0,2731675.3333333335,5880.333333333333,0.0,0.0,05-10 09:02:58
50.334333333333326,2037815978.6666667,2808712.3333333335,7782.0,0.0,61440.0,05-10 09:02:59
50.168333333333344,2038162773.3333333,2873739.0,8059.333333333333,0.0,0.0,05-10 09:03:00
50.5,2038112256.0,2701154.6666666665,6277.0,0.0,2730.6666666666665,05-10 09:03:01
51.33833333333333,2038273365.3333333,2835214.3333333335,9789.666666666666,0.0,8192.0,05-10 09:03:02
50.50333333333334,2038112256.0,2842409.6666666665,9204.0,0.0,0.0,05-10 09:03:03
50.504999999999995,2036701866.6666667,1797527.0,984472.0,0.0,21845.333333333332,05-10 09:03:04
50.50333333333334,2036077909.3333333,1374083.3333333333,1356477.6666666667,0.0,5461.333333333333,05-10 09:03:05
49.834,2036076544.0,1361482.3333333333,1352934.6666666667,0.0,0.0,05-10 09:03:06
50.51266666666666,2036021930.6666667,1349289.6666666667,1341412.3333333333,0.0,10922.666666666666,05-10 09:03:07
50.586333333333336,2036107946.6666667,1333943.6666666667,1350438.3333333333,0.0,0.0,05-10 09:03:08
50.501666666666665,2036069717.3333333,1349020.0,1356960.3333333333,0.0,5461.333333333333,05-10 09:03:09
52.011,2036080640.0,1402896.3333333333,1339373.3333333333,0.0,36864.0,05-10 09:03:10
47.333333333333336,2035983701.3333333,1049223.6666666667,19946.666666666668,0.0,20480.0,05-10 09:03:11
33.33266666666667,2035894954.6666667,365.0,2238.0,0.0,6826.666666666667,05-10 09:03:12
33.75133333333333,2035884032.0,165.0,886.3333333333334,0.0,0.0,05-10 09:03:13
33.74966666666666,2035894954.6666667,319.0,1523.0,0.0,20480.0,05-10 09:03:14
25.120666666666665,2035886762.6666667,17716.333333333332,3415.3333333333335,0.0,17749.333333333332,05-10 09:03:15
33.99933333333333,2035875840.0,17665.0,3801.3333333333335,0.0,0.0,05-10 09:03:16
33.41733333333333,2035838976.0,385.0,2362.3333333333335,0.0,9557.333333333334,05-10 09:03:17
33.66733333333334,2035826688.0,165.0,894.3333333333334,0.0,0.0,05-10 09:03:18
49.33833333333334,2036035584.0,1556717.3333333333,20434.0,0.0,0.0,05-10 09:03:19
50.41866666666667,2035843072.0,1679504.3333333333,4701.0,0.0,50517.333333333336,05-10 09:03:20
51.16766666666666,2035781632.0,1647648.3333333333,4093.6666666666665,0.0,0.0,05-10 09:03:21
50.423,2035576832.0,1652812.3333333333,6012.333333333333,0.0,24576.0,05-10 09:03:22
50.74966666666666,2035550890.6666667,1613113.6666666667,4427.666666666667,0.0,0.0,05-10 09:03:23
50.25133333333333,2035466240.0,1727547.6666666667,4247.666666666667,0.0,1365.3333333333333,05-10 09:03:24
50.504999999999995,2035443029.3333333,1728766.6666666667,4383.0,0.0,15018.666666666666,05-10 09:03:25
50.168333333333344,2035359744.0,1679437.0,4682.333333333333,0.0,4096.0,05-10 09:03:26
50.24966666666666,2035437568.0,1573022.6666666667,3760.3333333333335,0.0,6826.666666666667,05-10 09:03:27
50.417,2035376128.0,1611015.3333333333,4222.333333333333,0.0,0.0,05-10 09:03:28
50.498333333333335,2035324245.3333333,1575726.0,6123.333333333333,0.0,2730.6666666666665,05-10 09:03:29
50.416333333333334,2035352917.3333333,1565814.0,4212.333333333333,0.0,51882.666666666664,05-10 09:03:30
50.41866666666667,2035411626.6666667,1617552.0,4516.333333333333,0.0,28672.0,05-10 09:03:31
50.17166666666666,2035270997.3333333,1541877.0,7845.666666666667,0.0,10922.666666666666,05-10 09:03:32
50.839999999999996,2035295573.3333333,1543897.6666666667,4021.0,0.0,0.0,05-10 09:03:33
50.833333333333336,2035336533.3333333,1559237.6666666667,4373.666666666667,0.0,27306.666666666668,05-10 09:03:34
50.49933333333333,2035305130.6666667,1606011.0,4591.666666666667,0.0,21845.333333333332,05-10 09:03:35
51.340666666666664,2035721557.3333333,3273038.0,8947.333333333334,0.0,165205.33333333334,05-10 09:03:36
50.83766666666666,2035698346.6666667,3160945.3333333335,6424.333333333333,0.0,6826.666666666667,05-10 09:03:37
50.584666666666664,2035691520.0,3031065.6666666665,6869.666666666667,0.0,0.0,05-10 09:03:38
50.504333333333335,2035691520.0,3089659.6666666665,7424.0,0.0,0.0,05-10 09:03:39
50.83833333333333,2035554986.6666667,3115472.6666666665,6715.666666666667,0.0,75093.33333333333,05-10 09:03:40
50.24966666666666,2035550890.6666667,3068343.6666666665,7390.333333333333,0.0,0.0,05-10 09:03:41
49.66833333333333,2035664213.3333333,2770518.3333333335,8084.333333333333,0.0,6826.666666666667,05-10 09:03:42
50.748,2035590485.3333333,2739542.6666666665,5870.333333333333,0.0,0.0,05-10 09:03:43
50.75366666666667,2035471701.3333333,2881700.6666666665,7141.666666666667,0.0,21845.333333333332,05-10 09:03:44
50.833333333333336,2035559082.6666667,2814675.0,7728.666666666667,0.0,53248.0,05-10 09:03:45
50.92133333333334,2035712000.0,2756384.3333333335,6858.333333333333,0.0,10922.666666666666,05-10 09:03:46
50.5,2035395242.6666667,2729433.3333333335,7467.333333333333,0.0,1365.3333333333333,05-10 09:03:47
34.00233333333333,2035595946.6666667,1575548.0,62806.333333333336,0.0,0.0,05-10 09:03:48
49.50333333333333,2035466240.0,1893689.0,649032.3333333334,0.0,0.0,05-10 09:03:49
50.334333333333326,2035357013.3333333,1377442.6666666667,1398999.0,0.0,12288.0,05-10 09:03:50
50.24966666666666,2035219114.6666667,1414260.6666666667,1377857.3333333333,0.0,290816.0,05-10 09:03:51
50.66833333333333,2035206826.6666667,1425485.3333333333,1444595.3333333333,0.0,35498.666666666664,05-10 09:03:52
50.169000000000004,2035109888.0,1412930.0,1431453.6666666667,0.0,0.0,05-10 09:03:53
50.41866666666667,2035088042.6666667,1442203.0,1399221.3333333333,0.0,0.0,05-10 09:03:54
50.083,2035096234.6666667,1354406.0,1310223.0,0.0,8192.0,05-10 09:03:55
47.36633333333333,2034812245.3333333,974936.3333333334,4522.0,0.0,20480.0,05-10 09:03:56
33.836666666666666,2034812245.3333333,165.0,894.3333333333334,0.0,27306.666666666668,05-10 09:03:57
34.005,2034786304.0,165.0,886.3333333333334,0.0,0.0,05-10 09:03:58
33.584666666666664,2034746709.3333333,375.0,2448.6666666666665,0.0,0.0,05-10 09:03:59
29.459999999999997,2035331072.0,308390.3333333333,264990.3333333333,0.0,8192.0,05-10 09:04:00
34.51866666666667,2036106581.3333333,314197.0,280008.0,0.0,35498.666666666664,05-10 09:04:01
33.917,2036301824.0,651.0,3692.6666666666665,0.0,24576.0,05-10 09:04:02
34.083000000000006,1955412650.6666667,165.0,870.3333333333334,0.0,0.0,05-10 09:04:03
34.166666666666664,1955353941.3333333,165.0,867.6666666666666,0.0,2730.6666666666665,05-10 09:04:04
49.17166666666666,1955550549.3333333,1368187.3333333333,26009.0,0.0,83285.33333333333,05-10 09:04:05
51.09033333333334,1955435861.3333333,1527316.6666666667,3418.3333333333335,0.0,5461.333333333333,05-10 09:04:06
50.083666666666666,1955414016.0,1467355.6666666667,3857.6666666666665,0.0,9557.333333333334,05-10 09:04:07
50.666666666666664,1955383978.6666667,1472191.0,3681.6666666666665,0.0,0.0,05-10 09:04:08
49.83166666666667,1955463168.0,1527508.6666666667,4238.0,0.0,47786.666666666664,05-10 09:04:09
51.758,1887285248.0,1494918.6666666667,3034.3333333333335,0.0,116053.33333333333,05-10 09:04:10
50.92133333333333,1887133696.0,1598575.6666666667,3943.0,0.0,4096.0,05-10 09:04:11
50.24966666666666,1886965760.0,1286093.3333333333,4955.333333333333,0.0,4096.0,05-10 09:04:12
49.918,1886975317.3333333,1483094.6666666667,3072.3333333333335,0.0,0.0,05-10 09:04:13
50.498333333333335,1886984874.6666667,1407576.6666666667,3788.6666666666665,0.0,20480.0,05-10 09:04:14
51.67666666666667,1887024469.3333333,1350967.6666666667,2626.6666666666665,0.0,0.0,05-10 09:04:15
51.165,1811585706.6666667,1377763.0,3515.0,0.0,12288.0,05-10 09:04:16
50.50400000000001,1811318101.3333333,1420033.0,4585.666666666667,0.0,9557.333333333334,05-10 09:04:17
49.917,1811477845.3333333,1596844.3333333333,3118.3333333333335,0.0,0.0,05-10 09:04:18
50.504333333333335,1811256661.3333333,1485539.3333333333,4497.333333333333,0.0,195242.66666666666,05-10 09:04:19
50.584666666666664,1811267584.0,1557159.0,3923.6666666666665,0.0,1365.3333333333333,05-10 09:04:20
50.669000000000004,1811438250.6666667,1584527.3333333333,3100.3333333333335,0.0,28672.0,05-10 09:04:21
50.501666666666665,1811580245.3333333,1882546.6666666667,8923.333333333334,0.0,16384.0,05-10 09:04:22
51.166666666666664,1811664896.0,2833371.6666666665,5931.666666666667,0.0,0.0,05-10 09:04:23
50.83766666666666,1811283968.0,2761150.6666666665,5047.666666666667,0.0,0.0,05-10 09:04:24
50.083666666666666,1811333120.0,2712647.3333333335,5239.666666666667,1365.3333333333333,0.0,05-10 09:04:25
51.09033333333334,1811494229.3333333,2933379.6666666665,6175.666666666667,0.0,60074.666666666664,05-10 09:04:26
50.666666666666664,1811566592.0,2777805.3333333335,5779.0,0.0,4096.0,05-10 09:04:27
50.253666666666675,1811361792.0,2804895.3333333335,5682.333333333333,0.0,0.0,05-10 09:04:28
50.92133333333334,1811281237.3333333,2863115.3333333335,7497.333333333333,0.0,45056.0,05-10 09:04:29
50.58533333333333,1811354965.3333333,2508350.3333333335,6043.666666666667,0.0,0.0,05-10 09:04:30
50.99666666666667,1811256661.3333333,2460074.3333333335,5913.0,0.0,98304.0,05-10 09:04:31
51.17666666666667,1811419136.0,2493426.0,11969.333333333334,0.0,24576.0,05-10 09:04:32
51.00666666666666,1811356330.6666667,2641717.3333333335,5299.666666666667,0.0,0.0,05-10 09:04:33
51.00900000000001,1811446442.6666667,2498228.0,5521.0,0.0,13653.333333333334,05-10 09:04:34
50.41466666666667,1811405482.6666667,2532928.3333333335,5687.666666666667,0.0,170666.66666666666,05-10 09:04:35
51.17066666666667,1811223893.3333333,2378270.3333333335,8895.333333333334,0.0,0.0,05-10 09:04:36
50.66833333333333,1811423232.0,2453477.6666666665,1064828.3333333333,0.0,28672.0,05-10 09:04:37
51.08866666666666,1811270314.6666667,1249051.6666666667,1255782.3333333333,0.0,0.0,05-10 09:04:38
50.501666666666665,1811174741.3333333,1199216.3333333333,1209288.3333333333,0.0,23210.666666666668,05-10 09:04:39
50.0,1810961749.3333333,1141712.3333333333,1126810.3333333333,0.0,51882.666666666664,05-10 09:04:40
50.415333333333336,1811047765.3333333,1189737.3333333333,1218995.3333333333,0.0,0.0,05-10 09:04:41
50.918,1811028650.6666667,1232027.3333333333,1215857.0,0.0,12288.0,05-10 09:04:42
50.335,1811062784.0,1185143.0,1225665.3333333333,0.0,0.0,05-10 09:04:43
50.66833333333333,1811057322.6666667,1206028.0,772475.6666666666,0.0,20480.0,05-10 09:04:44
46.211666666666666,1810866176.0,728116.3333333334,2588.3333333333335,0.0,31402.666666666668,05-10 09:04:45
34.00366666666667,1810892117.3333333,209.0,2090.0,0.0,0.0,05-10 09:04:46
34.409666666666666,1810848426.6666667,399.0,2795.6666666666665,0.0,51882.666666666664,05-10 09:04:47
31.476333333333333,1810900309.3333333,341.6666666666667,1111.3333333333333,0.0,0.0,05-10 09:04:48
17.084,1810864810.6666667,287.0,2282.6666666666665,0.0,36864.0,05-10 09:04:49
29.266666666666666,1810860714.6666667,106335.0,29795.0,0.0,0.0,05-10 09:04:50
31.296333333333326,1810632704.0,364911.6666666667,164332.66666666666,0.0,27306.666666666668,05-10 09:04:51
27.043333333333337,1812473173.3333333,339680.6666666667,226578.33333333334,0.0,64170.666666666664,05-10 09:04:52
24.076666666666664,1816627882.6666667,43384.333333333336,14443.0,3664554.6666666665,0.0,05-10 09:04:53
17.750666666666664,1816662016.0,165.0,980.0,1529173.3333333333,0.0,05-10 09:04:54
17.168666666666667,1816619690.6666667,165.0,878.3333333333334,1485482.6666666667,0.0,05-10 09:04:55
48.827666666666666,1817912661.3333333,3054012.0,51302.0,1398101.3333333333,50517.333333333336,05-10 09:04:56
50.33233333333334,1817987754.6666667,3948779.3333333335,8395.0,1572864.0,103765.33333333333,05-10 09:04:57
50.912000000000006,1818035541.3333333,3686315.6666666665,5841.666666666667,1441792.0,0.0,05-10 09:04:58
50.666666666666664,1818068309.3333333,3396135.3333333335,7332.0,1398101.3333333333,0.0,05-10 09:04:59
50.33233333333334,1818102442.6666667,4968864.333333333,7214.333333333333,1398101.3333333333,0.0,05-10 09:05:00
49.665666666666674,1817290069.3333333,8543100.0,503102.0,2027520.0,62805.333333333336,05-10 09:05:01
51.589666666666666,1816991061.3333333,8491290.0,1613301.6666666667,2992810.6666666665,17749.333333333332,05-10 09:05:02
49.74866666666667,1816935082.6666667,8512837.666666666,1583947.0,2883584.0,0.0,05-10 09:05:03
44.084666666666664,1816753493.3333333,5499361.666666667,1520555.6666666667,2927274.6666666665,0.0,05-10 09:05:04
33.75033333333334,1816711168.0,1546153.0,1634601.0,2883584.0,1365.3333333333333,05-10 09:05:05
33.75133333333334,1816720725.3333333,1670603.0,1592855.0,2883584.0,8192.0,05-10 09:05:06
33.58533333333334,1816843605.3333333,1553284.6666666667,1634414.0,2798933.3333333335,23210.666666666668,05-10 09:05:07
33.666666666666664,1816734378.6666667,1628691.0,1606330.3333333333,3102037.3333333335,0.0,05-10 09:05:08
34.33833333333334,1816720725.3333333,1577047.0,1588459.0,3058346.6666666665,6826.666666666667,05-10 09:05:09
33.66733333333334,1816847701.3333333,1595303.0,1501803.6666666667,3059712.0,28672.0,05-10 09:05:10
33.418000000000006,1816787626.6666667,1366711.3333333333,1315672.0,1361237.3333333333,0.0,05-10 09:05:11
34.005,1816775338.6666667,1250872.6666666667,1300147.0,4232533.333333333,30037.333333333332,05-10 09:05:12
33.83166666666667,1817060693.3333333,1289607.6666666667,1297652.6666666667,2430293.3333333335,0.0,05-10 09:05:13
34.58533333333333,1816906410.6666667,1320440.0,1338923.0,1310720.0,24576.0,05-10 09:05:14
29.480666666666668,1816861354.6666667,1351959.3333333333,1387440.3333333333,1310720.0,70997.33333333333,05-10 09:05:15
17.333666666666666,1816951466.6666667,1347177.3333333333,1357850.6666666667,1398101.3333333333,0.0,05-10 09:05:16
16.918000000000003,1817142613.3333333,1318321.6666666667,1275892.3333333333,1223338.6666666667,38229.333333333336,05-10 09:05:17
24.576333333333334,1816879104.0,1160487.3333333333,570271.0,214357.33333333334,0.0,05-10 09:05:18
17.503333333333334,1816831317.3333333,265.0,2050.0,0.0,0.0,05-10 09:05:19
17.584666666666667,1816840874.6666667,293.0,1666.3333333333333,0.0,0.0,05-10 09:05:20
17.001,1816819029.3333333,165.0,867.6666666666666,0.0,20480.0,05-10 09:05:21
41.202000000000005,1817624576.0,4024135.0,40599.0,0.0,39594.666666666664,05-10 09:05:22
50.25133333333333,1817701034.6666667,3784531.0,7803.0,0.0,0.0,05-10 09:05:23
51.166666666666664,1817649152.0,3314658.6666666665,6105.666666666667,0.0,58709.333333333336,05-10 09:05:24
50.666666666666664,1817643690.6666667,3359273.3333333335,6212.333333333333,0.0,0.0,05-10 09:05:25
50.836666666666666,1817766570.6666667,3518951.0,7061.0,0.0,0.0,05-10 09:05:26
50.50666666666667,1817515349.3333333,7562261.333333333,1133506.6666666667,0.0,17749.333333333332,05-10 09:05:27
50.50233333333333,1817473024.0,8482907.333333334,1687962.3333333333,0.0,0.0,05-10 09:05:28
50.83599999999999,1817505792.0,8431480.333333334,1610462.3333333333,0.0,0.0,05-10 09:05:29
50.66933333333333,1817363797.3333333,7903239.333333333,1661062.0,0.0,0.0,05-10 09:05:30
37.35733333333334,1817262762.6666667,3124355.3333333335,1674831.0,0.0,0.0,05-10 09:05:31
33.91866666666667,1817142613.3333333,1626766.3333333333,1683401.6666666667,0.0,17749.333333333332,05-10 09:05:32
33.91466666666667,1817134421.3333333,1701635.0,1667507.0,0.0,4096.0,05-10 09:05:33
33.916333333333334,1817145344.0,1649659.0,1652866.3333333333,0.0,0.0,05-10 09:05:34
33.416333333333334,1817145344.0,1626542.3333333333,1634311.6666666667,0.0,0.0,05-10 09:05:35
33.833333333333336,1817227264.0,1389941.0,1426127.0,0.0,16384.0,05-10 09:05:36
33.833333333333336,1817275050.6666667,1446335.0,1429189.3333333333,0.0,17749.333333333332,05-10 09:05:37
34.25566666666666,1817217706.6666667,1391949.3333333333,1434393.6666666667,0.0,4096.0,05-10 09:05:38
34.343333333333334,1817322837.3333333,1448184.6666666667,1409730.6666666667,0.0,0.0,05-10 09:05:39
34.0,1817410218.6666667,1382617.0,1389979.3333333333,0.0,20480.0,05-10 09:05:40
33.66833333333333,1817273685.3333333,1446891.3333333333,1465196.0,0.0,0.0,05-10 09:05:41
18.77566666666667,1817320106.6666667,1358029.6666666667,1359534.3333333333,0.0,12288.0,05-10 09:05:42
12.044333333333332,1817915392.0,234061.33333333334,301778.3333333333,0.0,15018.666666666666,05-10 09:05:43
17.24966666666667,1817877162.6666667,275.0,1509.6666666666667,0.0,24576.0,05-10 09:05:44
17.420666666666666,1817877162.6666667,195.0,896.3333333333334,0.0,0.0,05-10 09:05:45
16.749666666666666,1817866240.0,223.0,911.6666666666666,0.0,0.0,05-10 09:05:46
41.788333333333334,1818662229.3333333,4173021.0,40546.666666666664,0.0,43690.666666666664,05-10 09:05:47
50.75466666666667,1818625365.3333333,3734622.0,6967.666666666667,0.0,31402.666666666668,05-10 09:05:48
50.669000000000004,1818634922.6666667,3255634.6666666665,7040.666666666667,0.0,4096.0,05-10 09:05:49
51.083999999999996,1818602154.6666667,3215998.0,6345.666666666667,0.0,27306.666666666668,05-10 09:05:50
50.41366666666667,1818853376.0,3618679.0,5979.666666666667,0.0,23210.666666666668,05-10 09:05:51
49.83166666666667,1817758378.6666667,6338287.666666667,1347344.3333333333,0.0,23210.666666666668,05-10 09:05:52
50.998333333333335,1813858986.6666667,8426763.0,1676237.0,0.0,8192.0,05-10 09:05:53
50.757,1813954560.0,8167034.666666667,1619842.3333333333,0.0,0.0,05-10 09:05:54
50.50666666666667,1814062421.3333333,7701952.666666667,1611753.6666666667,0.0,0.0,05-10 09:05:55
42.78666666666667,1813583189.3333333,4985161.333333333,1626656.0,0.0,0.0,05-10 09:05:56
34.08533333333333,1813516288.0,1543277.0,1580611.6666666667,0.0,15018.666666666666,05-10 09:05:57
33.33400000000001,1813465770.6666667,1566868.6666666667,1574277.3333333333,0.0,9557.333333333334,05-10 09:05:58
34.253,1813312853.3333333,1579779.0,1562128.6666666667,0.0,28672.0,05-10 09:05:59
33.836,1813334698.6666667,1597396.3333333333,1604135.0,0.0,0.0,05-10 09:06:00
33.33266666666667,1813443925.3333333,1442379.6666666667,1501389.0,0.0,0.0,05-10 09:06:01
33.915333333333336,1813356544.0,1389321.6666666667,1360449.3333333333,0.0,0.0,05-10 09:06:02
26.850666666666665,1813420714.6666667,1380114.0,1386190.6666666667,0.0,8192.0,05-10 09:06:03
23.001,1813493077.3333333,1402654.0,1412453.0,0.0,4096.0,05-10 09:06:04
34.16733333333334,1813427541.3333333,1411552.0,1411544.3333333333,0.0,0.0,05-10 09:06:05
33.416333333333334,1813296469.3333333,1384673.0,1362119.3333333333,0.0,0.0,05-10 09:06:06
28.223666666666663,1813422080.0,1411455.6666666667,1442232.3333333333,0.0,0.0,05-10 09:06:07
16.452,1813472597.3333333,475273.3333333333,585168.0,0.0,19114.666666666668,05-10 09:06:08
16.999333333333333,1813453482.6666667,265.0,1084.3333333333333,0.0,16384.0,05-10 09:06:09
16.917000000000005,1813405696.0,165.0,870.3333333333334,0.0,19114.666666666668,05-10 09:06:10
17.415333333333336,1813386581.3333333,297.0,1537.0,0.0,25941.333333333332,05-10 09:06:11
41.46699999999999,1813823488.0,4327182.666666667,12478.333333333334,0.0,0.0,05-10 09:06:12
50.41866666666667,1814014634.6666667,3621761.6666666665,7041.666666666667,0.0,20480.0,05-10 09:06:13
50.5,1813869909.3333333,3327203.3333333335,7395.666666666667,0.0,31402.666666666668,05-10 09:06:14
50.169999999999995,1813935445.3333333,3399146.6666666665,6651.0,0.0,0.0,05-10 09:06:15
52.166666666666664,1814129322.6666667,3546024.6666666665,6931.666666666667,0.0,0.0,05-10 09:06:16
51.09133333333333,1813916330.6666667,7577179.0,1326872.0,0.0,0.0,05-10 09:06:17
50.504999999999995,1813676032.0,8136980.0,1694792.0,0.0,4096.0,05-10 09:06:18
49.748,1813976405.3333333,7941353.0,1592692.6666666667,0.0,13653.333333333334,05-10 09:06:19
51.088666666666676,1813813930.6666667,7947684.666666667,1668923.6666666667,0.0,0.0,05-10 09:06:20
40.28300000000001,1813527210.6666667,3904963.3333333335,1712090.6666666667,0.0,20480.0,05-10 09:06:21
33.415333333333336,1813488981.3333333,1660943.3333333333,1651125.6666666667,0.0,0.0,05-10 09:06:22
33.74966666666666,1813546325.3333333,1611934.0,1599668.0,0.0,13653.333333333334,05-10 09:06:23
33.92366666666667,1813529941.3333333,1620346.6666666667,1660109.3333333333,0.0,15018.666666666666,05-10 09:06:24
33.25033333333334,1813540864.0,1638863.3333333333,1651719.6666666667,0.0,23210.666666666668,05-10 09:06:25
33.66433333333333,1813475328.0,1411203.3333333333,1406016.3333333333,0.0,0.0,05-10 09:06:26
33.501,1813475328.0,1371499.6666666667,1382290.3333333333,0.0,0.0,05-10 09:06:27
33.665,1813650090.6666667,1411269.6666666667,1427979.0,0.0,9557.333333333334,05-10 09:06:28
33.836666666666666,1813480789.3333333,1327499.0,1340774.0,0.0,13653.333333333334,05-10 09:06:29
33.835,1813546325.3333333,1382357.3333333333,1382152.0,0.0,4096.0,05-10 09:06:30
26.368000000000006,1813478058.6666667,1387369.6666666667,1390817.6666666667,0.0,0.0,05-10 09:06:31
17.17,1813467136.0,1348652.3333333333,1377623.0,0.0,0.0,05-10 09:06:32
15.958666666666671,1813235029.3333333,299403.6666666667,376086.6666666667,0.0,8192.0,05-10 09:06:33
17.252333333333333,1813213184.0,165.0,1896.0,0.0,31402.666666666668,05-10 09:06:34
17.418,1813210453.3333333,275.0,1432.3333333333333,0.0,0.0,05-10 09:06:35
17.08366666666667,1813188608.0,165.0,889.6666666666666,0.0,0.0,05-10 09:06:36
42.922000000000004,1813895850.6666667,3843283.6666666665,25157.333333333332,0.0,0.0,05-10 09:06:37
50.41966666666667,1813712896.0,3817958.6666666665,7429.0,0.0,8192.0,05-10 09:06:38
50.590666666666664,1813764778.6666667,3390716.0,7474.666666666667,0.0,31402.666666666668,05-10 09:06:39
50.418,1813958656.0,3576695.3333333335,6214.333333333333,0.0,25941.333333333332,05-10 09:06:40
53.18,1814062421.3333333,5512911.333333333,9022.333333333334,0.0,5461.333333333333,05-10 09:06:41
50.835,1813636437.3333333,8163369.333333333,916313.0,0.0,0.0,05-10 09:06:42
49.913000000000004,1812510037.3333333,8443745.666666666,1659804.0,0.0,25941.333333333332,05-10 09:06:43
50.83733333333333,1812404906.6666667,8447010.0,1642217.0,0.0,43690.666666666664,05-10 09:06:44
44.44866666666667,1811961173.3333333,5460941.333333333,1559675.0,0.0,23210.666666666668,05-10 09:06:45
33.75033333333334,1811972096.0,1634732.3333333333,1664073.6666666667,0.0,21845.333333333332,05-10 09:06:46
34.25366666666667,1811831466.6666667,1569406.3333333333,1524051.6666666667,0.0,0.0,05-10 09:06:47
33.584666666666664,1811892906.6666667,1480979.0,1527406.0,0.0,4096.0,05-10 09:06:48
33.58466666666667,1811892906.6666667,1571636.6666666667,1583114.6666666667,0.0,9557.333333333334,05-10 09:06:49
34.33833333333333,1811857408.0,1554072.6666666667,1427108.0,0.0,17749.333333333332,05-10 09:06:50
33.75066666666667,1811846485.3333333,1448373.3333333333,1429338.3333333333,0.0,20480.0,05-10 09:06:51
34.586333333333336,1811961173.3333333,1314862.0,1320470.6666666667,0.0,0.0,05-10 09:06:52
34.08133333333333,1812063573.3333333,1275883.3333333333,1337848.3333333333,0.0,4096.0,05-10 09:06:53
33.75366666666667,1811940693.3333333,1373597.0,1365371.0,0.0,5461.333333333333,05-10 09:06:54
24.828666666666667,1811880618.6666667,1312974.6666666667,1330770.6666666667,0.0,9557.333333333334,05-10 09:06:55
17.76066666666667,1811989845.3333333,1354719.0,1355762.3333333333,0.0,0.0,05-10 09:06:56
16.915333333333336,1811968000.0,1334309.6666666667,1345662.6666666667,0.0,0.0,05-10 09:06:57
17.252,1812030805.3333333,1369878.0,1378513.6666666667,0.0,8192.0,05-10 09:06:58
22.496,1812609706.6666667,943773.3333333334,301166.0,0.0,16384.0,05-10 09:06:59
17.252333333333333,1812612437.3333333,405.6666666666667,1369.0,0.0,43690.666666666664,05-10 09:07:00
16.916333333333338,1812601514.6666667,209.0,895.0,0.0,0.0,05-10 09:07:01
17.083333333333332,1812639744.0,563.0,4081.3333333333335,0.0,0.0,05-10 09:07:02
41.415333333333336,1813630976.0,4207831.666666667,25049.666666666668,0.0,32768.0,05-10 09:07:03
50.753666666666675,1813665109.3333333,3568678.0,6096.333333333333,0.0,31402.666666666668,05-10 09:07:04
50.671,1813542229.3333333,3189765.3333333335,6035.0,0.0,9557.333333333334,05-10 09:07:05
50.50066666666667,1813573632.0,3394744.3333333335,6065.666666666667,0.0,0.0,05-10 09:07:06
50.665666666666674,1813826218.6666667,3587565.3333333335,5631.666666666667,0.0,0.0,05-10 09:07:07
50.666666666666664,1813550421.3333333,6521410.333333333,1206911.3333333333,0.0,9557.333333333334,05-10 09:07:08
50.0,1813520384.0,8061544.666666667,1691043.6666666667,0.0,4096.0,05-10 09:07:09
50.25366666666667,1813561344.0,7869332.0,1581092.6666666667,0.0,24576.0,05-10 09:07:10
50.75299999999999,1813614592.0,7933160.666666667,1609507.3333333333,0.0,0.0,05-10 09:07:11
43.63733333333334,1813251413.3333333,5116545.0,1628726.3333333333,0.0,0.0,05-10 09:07:12
33.583666666666666,1813162666.6666667,1584126.3333333333,1635694.0,0.0,17749.333333333332,05-10 09:07:13
33.918666666666674,1813147648.0,1619693.0,1626701.3333333333,0.0,64170.666666666664,05-10 09:07:14
33.83266666666666,1813062997.3333333,1592061.6666666667,1581934.3333333333,0.0,16384.0,05-10 09:07:15
33.50333333333334,1813204992.0,1502541.3333333333,1544670.0,0.0,2730.6666666666665,05-10 09:07:16
33.333333333333336,1813243221.3333333,1361334.0,1370203.6666666667,0.0,13653.333333333334,05-10 09:07:17
32.998333333333335,1813166762.6666667,1350909.6666666667,1377153.0,0.0,0.0,05-10 09:07:18
33.836666666666666,1813235029.3333333,1391992.6666666667,1324077.3333333333,0.0,5461.333333333333,05-10 09:07:19
33.998333333333335,1813202261.3333333,1376247.0,1393343.3333333333,0.0,8192.0,05-10 09:07:20
34.00066666666667,1813243221.3333333,1268162.3333333333,1312814.0,0.0,49152.0,05-10 09:07:21
27.167666666666666,1813215914.6666667,1378220.6666666667,1351288.0,0.0,13653.333333333334,05-10 09:07:22
16.748,1813139456.0,1361900.3333333333,1350777.6666666667,0.0,0.0,05-10 09:07:23
15.856,1812945578.6666667,929919.0,1053176.6666666667,0.0,2730.6666666666665,05-10 09:07:24
17.16,1813057536.0,4548.666666666667,3399.6666666666665,0.0,4096.0,05-10 09:07:25
17.666666666666668,1813043882.6666667,275.0,1399.6666666666667,0.0,21845.333333333332,05-10 09:07:26
17.253,1813022037.3333333,169.0,942.3333333333334,0.0,16384.0,05-10 09:07:27
41.24700000000001,1813685589.3333333,4260946.0,24290.0,0.0,0.0,05-10 09:07:28
50.58633333333333,1813655552.0,3626364.0,8063.333333333333,0.0,2730.6666666666665,05-10 09:07:29
50.75133333333333,1813729280.0,3142274.3333333335,5971.666666666667,0.0,9557.333333333334,05-10 09:07:30
50.33166666666667,1813669205.3333333,3337478.6666666665,6175.0,0.0,45056.0,05-10 09:07:31
50.83166666666667,1813766144.0,3533336.6666666665,9949.0,0.0,0.0,05-10 09:07:32
50.669000000000004,1813692416.0,6696919.666666667,1262995.0,0.0,8192.0,05-10 09:07:33
50.504999999999995,1813583189.3333333,8378093.666666667,1651922.0,0.0,0.0,05-10 09:07:34
50.083666666666666,1813566805.3333333,8309491.333333333,1603793.6666666667,0.0,32768.0,05-10 09:07:35
50.50266666666666,1813605034.6666667,8112474.333333333,1710868.0,0.0,20480.0,05-10 09:07:36
40.36866666666666,1813168128.0,4211016.333333333,1713895.3333333333,0.0,0.0,05-10 09:07:37
34.333333333333336,1813027498.6666667,1679443.3333333333,1658822.0,0.0,4096.0,05-10 09:07:38
33.166,1812967424.0,1679124.0,1688266.3333333333,0.0,0.0,05-10 09:07:39
34.08133333333333,1813251413.3333333,1647404.3333333333,1665444.6666666667,0.0,19114.666666666668,05-10 09:07:40
34.084666666666664,1813289642.6666667,1632144.3333333333,1639253.0,0.0,21845.333333333332,05-10 09:07:41
34.16833333333333,1813191338.6666667,1372765.6666666667,1403749.0,0.0,0.0,05-10 09:07:42
33.501000000000005,1813218645.3333333,1379863.0,1350399.0,0.0,4096.0,05-10 09:07:43
33.58233333333333,1813289642.6666667,1352062.6666666667,1399306.6666666667,0.0,0.0,05-10 09:07:44
33.666666666666664,1813245952.0,1372078.3333333333,1348118.3333333333,0.0,24576.0,05-10 09:07:45
33.416333333333334,1813185877.3333333,1393320.6666666667,1413869.6666666667,0.0,16384.0,05-10 09:07:46
25.666666666666668,1813161301.3333333,1448969.0,1443631.3333333333,0.0,0.0,05-10 09:07:47
17.417000000000005,1813224106.6666667,1430602.3333333333,1466296.3333333333,0.0,16384.0,05-10 09:07:48
16.236333333333334,1813058901.3333333,123906.66666666667,212799.0,0.0,0.0,05-10 09:07:49
17.328333333333333,1813015210.6666667,275.0,1457.0,0.0,19114.666666666668,05-10 09:07:50
17.083000000000002,1813015210.6666667,165.0,870.3333333333334,0.0,23210.666666666668,05-10 09:07:51
17.167666666666666,1813004288.0,365.0,2216.6666666666665,0.0,0.0,05-10 09:07:52
40.54,1813648725.3333333,4282334.666666667,39265.333333333336,0.0,9557.333333333334,05-10 09:07:53
50.83233333333334,1813603669.3333333,3773171.0,6290.333333333333,0.0,0.0,05-10 09:07:54
50.416333333333334,1813551786.6666667,3232721.6666666665,5665.666666666667,0.0,2730.6666666666665,05-10 09:07:55
50.584666666666664,1813775701.3333333,3587968.6666666665,6483.666666666667,0.0,10922.666666666666,05-10 09:07:56
50.66833333333333,1813557248.0,3430217.0,5762.333333333333,0.0,0.0,05-10 09:07:57
50.418,1813516288.0,8611629.333333334,1123389.3333333333,0.0,8192.0,05-10 09:07:58
50.41866666666667,1812688896.0,8456710.666666666,1632930.6666666667,0.0,0.0,05-10 09:07:59
50.24966666666666,1812384426.6666667,8267340.0,1517239.0,0.0,1365.3333333333333,05-10 09:08:00
49.83566666666667,1812482730.6666667,7834043.333333333,1547407.3333333333,0.0,36864.0,05-10 09:08:01
33.998333333333335,1812007594.6666667,1652419.3333333333,1640883.6666666667,0.0,0.0,05-10 09:08:02
34.088666666666676,1812045824.0,1618968.6666666667,1609220.6666666667,0.0,8192.0,05-10 09:08:03
33.418,1812051285.3333333,1485365.6666666667,1496389.3333333333,0.0,0.0,05-10 09:08:04
34.410333333333334,1812094976.0,1521513.6666666667,1533543.3333333333,0.0,0.0,05-10 09:08:05
34.50666666666667,1811952981.3333333,1534387.3333333333,1511710.6666666667,0.0,23210.666666666668,05-10 09:08:06
33.582,1812002133.3333333,1470390.3333333333,1528517.0,0.0,13653.333333333334,05-10 09:08:07
33.669999999999995,1811922944.0,1363349.6666666667,1415295.3333333333,0.0,4096.0,05-10 09:08:08
34.00333333333334,1811983018.6666667,1323187.0,1282387.3333333333,0.0,0.0,05-10 09:08:09
33.50333333333333,1812059477.3333333,1408132.3333333333,1412764.0,0.0,47786.666666666664,05-10 09:08:10
33.499,1812026709.3333333,1363891.6666666667,1406640.3333333333,0.0,0.0,05-10 09:08:11
19.859666666666666,1811916117.3333333,1392699.3333333333,1345020.0,0.0,21845.333333333332,05-10 09:08:12
17.333333333333332,1812048554.6666667,1342687.6666666667,1370753.6666666667,0.0,13653.333333333334,05-10 09:08:13
15.836666666666666,1811909290.6666667,1130199.3333333333,1234766.6666666667,0.0,0.0,05-10 09:08:14
15.197333333333335,1812727125.3333333,42187.666666666664,11400.333333333334,0.0,23210.666666666668,05-10 09:08:15
16.917000000000005,1812746240.0,209.0,1020.3333333333334,0.0,0.0,05-10 09:08:16
17.001,1812708010.6666667,363.0,2710.3333333333335,0.0,53248.0,05-10 09:08:17
17.084,1812708010.6666667,165.0,851.0,0.0,0.0,05-10 09:08:18
40.79966666666667,1813426176.0,4476607.666666667,40180.333333333336,0.0,30037.333333333332,05-10 09:08:19
50.17166666666666,1813185877.3333333,3547765.3333333335,6751.0,0.0,50517.333333333336,05-10 09:08:20
50.835,1813284181.3333333,3043997.0,5000.333333333333,0.0,2730.6666666666665,05-10 09:08:21
50.752,1813357909.3333333,3246110.3333333335,7541.666666666667,0.0,17749.333333333332,05-10 09:08:22
50.418,1813504000.0,3428180.0,5873.666666666667,0.0,8192.0,05-10 09:08:23
50.25133333333333,1813363370.6666667,6598429.0,1188269.6666666667,0.0,4096.0,05-10 09:08:24
50.082,1813368832.0,8688247.333333334,1642095.3333333333,0.0,25941.333333333332,05-10 09:08:25
50.665,1813357909.3333333,8320536.333333333,1506175.0,0.0,0.0,05-10 09:08:26
50.58633333333333,1813355178.6666667,8097173.666666667,1498545.0,0.0,5461.333333333333,05-10 09:08:27
39.166666666666664,1812923733.3333333,3763067.3333333335,1672974.6666666667,0.0,4096.0,05-10 09:08:28
34.090333333333334,1813045248.0,1670283.6666666667,1660928.6666666667,0.0,4096.0,05-10 09:08:29
33.748,1812985173.3333333,1620017.0,1617260.6666666667,0.0,0.0,05-10 09:08:30
33.75133333333334,1812854101.3333333,1600253.0,1658912.0,0.0,20480.0,05-10 09:08:31
34.001666666666665,1812949674.6666667,1495970.3333333333,1476802.6666666667,0.0,13653.333333333334,05-10 09:08:32
33.419666666666664,1812946944.0,1417337.0,1421058.3333333333,0.0,6826.666666666667,05-10 09:08:33
33.836000000000006,1812829525.3333333,1373764.0,1406251.3333333333,0.0,4096.0,05-10 09:08:34
33.665,1812807680.0,1362648.3333333333,1346997.6666666667,0.0,2730.6666666666665,05-10 09:08:35
34.169999999999995,1812971520.0,1370148.3333333333,1356139.0,0.0,0.0,05-10 09:08:36
32.656,1812952405.3333333,1412681.0,1398149.0,0.0,4096.0,05-10 09:08:37
17.333333333333332,1812815872.0,1336112.6666666667,1378416.0,0.0,4096.0,05-10 09:08:38
17.252333333333333,1812867754.6666667,1353903.6666666667,1362425.3333333333,0.0,17749.333333333332,05-10 09:08:39
15.875666666666666,1812773546.6666667,992334.6666666666,1104332.6666666667,0.0,0.0,05-10 09:08:40
19.011,1812686165.3333333,4498.0,4536.333333333333,0.0,24576.0,05-10 09:08:41
17.0,1812658858.6666667,401.6666666666667,2430.6666666666665,0.0,25941.333333333332,05-10 09:08:42
17.083000000000002,1812669781.3333333,183.0,1079.6666666666667,0.0,30037.333333333332,05-10 09:08:43
40.40566666666667,1813415253.3333333,4139459.6666666665,9978.0,0.0,21845.333333333332,05-10 09:08:44
51.084666666666664,1813295104.0,4031163.6666666665,6255.666666666667,0.0,20480.0,05-10 09:08:45
50.584666666666664,1813590016.0,3628084.3333333335,6053.0,0.0,0.0,05-10 09:08:46
50.586333333333336,1813598208.0,3505694.3333333335,7338.333333333333,0.0,5461.333333333333,05-10 09:08:47
50.50400000000001,1813434368.0,6457119.333333333,8783.0,0.0,0.0,05-10 09:08:48
50.666,1813275989.3333333,8078396.666666667,1347318.6666666667,0.0,15018.666666666666,05-10 09:08:49
50.501,1813352448.0,8656285.666666666,1655954.3333333333,0.0,1365.3333333333333,05-10 09:08:50
50.083666666666666,1813336064.0,8001110.333333333,1564138.0,0.0,23210.666666666668,05-10 09:08:51
41.37366666666667,1812904618.6666667,4560081.666666667,1621086.0,0.0,12288.0,05-10 09:08:52
34.082,1812904618.6666667,1584308.3333333333,1650686.0,0.0,0.0,05-10 09:08:53
33.998333333333335,1812850005.3333333,1678866.0,1681467.3333333333,0.0,21845.333333333332,05-10 09:08:54
33.671666666666674,1812877312.0,1593955.3333333333,1578502.3333333333,0.0,0.0,05-10 09:08:55
33.501000000000005,1812833621.3333333,1596034.0,1596435.0,0.0,31402.666666666668,05-10 09:08:56
33.583666666666666,1812811776.0,1609384.3333333333,1695498.0,0.0,6826.666666666667,05-10 09:08:57
33.92133333333333,1812742144.0,1542237.0,1371157.6666666667,0.0,0.0,05-10 09:08:58
34.252,1812900522.6666667,1365050.3333333333,1403445.6666666667,0.0,8192.0,05-10 09:08:59
33.165,1812921002.6666667,1410069.3333333333,1355419.6666666667,0.0,0.0,05-10 09:09:00
33.66166666666667,1812871850.6666667,1339123.0,1413949.6666666667,0.0,25941.333333333332,05-10 09:09:01
33.92066666666667,1812871850.6666667,1345550.3333333333,1296138.3333333333,0.0,0.0,05-10 09:09:02
29.124,1812899157.3333333,1341736.0,1362708.6666666667,0.0,13653.333333333334,05-10 09:09:03
17.506,1812882773.3333333,1384598.3333333333,1381616.3333333333,0.0,23210.666666666668,05-10 09:09:04
18.594666666666665,1813542229.3333333,1269593.6666666667,680785.6666666666,0.0,0.0,05-10 09:09:05
8.891666666666666,1104956074.6666667,92524.66666666667,9069.666666666666,125610.66666666667,0.0,05-10 09:09:06
33.915333333333336,1825207637.3333333,2770102.6666666665,5714.0,0.0,4096.0,05-10 08:39:01
33.832333333333345,1825161216.0,2681984.0,7352.0,0.0,4096.0,05-10 08:39:02
33.836666666666666,1825247232.0,2791649.0,5594.666666666667,0.0,0.0,05-10 08:39:03
33.83433333333333,1825289557.3333333,2731081.0,5482.0,0.0,0.0,05-10 08:39:04
34.50766666666667,1825204906.6666667,2555716.0,7570.666666666667,0.0,73728.0,05-10 08:39:05
33.918,1825211733.3333333,2575002.3333333335,5409.333333333333,0.0,5461.333333333333,05-10 08:39:06
33.58466666666667,1825416533.3333333,2565195.6666666665,5250.0,0.0,13653.333333333334,05-10 08:39:07
18.666666666666668,1825075200.0,1315919.3333333333,7502.333333333333,0.0,0.0,05-10 08:39:08
13.19,1825013760.0,337260.0,9415.666666666666,0.0,23210.666666666668,05-10 08:39:09
16.99833333333333,1825013760.0,265.0,1090.0,0.0,38229.333333333336,05-10 08:39:10
16.834333333333333,1825000106.6666667,341.0,1446.0,0.0,19114.666666666668,05-10 08:39:11
22.884666666666664,1825308672.0,688876.3333333334,3433.3333333333335,0.0,9557.333333333334,05-10 08:39:12
47.41866666666667,1825740117.3333333,4611208.0,2688355.0,0.0,0.0,05-10 08:39:13
50.0,1825707349.3333333,3777728.3333333335,2307757.3333333335,0.0,0.0,05-10 08:39:14
50.333333333333336,1825862997.3333333,3095738.6666666665,1537036.3333333333,0.0,15018.666666666666,05-10 08:39:15
51.006,1825871189.3333333,2814013.6666666665,1420065.0,0.0,0.0,05-10 08:39:16
50.25033333333334,1825864362.6666667,2749836.0,1318450.3333333333,0.0,9557.333333333334,05-10 08:39:17
41.288999999999994,1825596757.3333333,2724734.6666666665,1301377.3333333333,0.0,0.0,05-10 08:39:18
34.166666666666664,1825528490.6666667,2921546.6666666665,16168.333333333334,0.0,0.0,05-10 08:39:19
33.583,1825727829.3333333,3040296.6666666665,7352.333333333333,0.0,4096.0,05-10 08:39:20
34.336666666666666,1825607680.0,2821936.3333333335,5359.333333333333,0.0,0.0,05-10 08:39:21
33.66766666666667,1825607680.0,2968910.6666666665,5594.0,0.0,17749.333333333332,05-10 08:39:22
34.006,1825498453.3333333,2946990.3333333335,6330.666666666667,0.0,0.0,05-10 08:39:23
34.165,1825585834.6666667,3026240.0,6057.333333333333,0.0,0.0,05-10 08:39:24
33.75233333333333,1825495722.6666667,2826900.6666666665,7262.333333333333,0.0,6826.666666666667,05-10 08:39:25
33.83566666666667,1825528490.6666667,2915737.3333333335,6700.666666666667,0.0,0.0,05-10 08:39:26
34.248,1825663658.6666667,3164032.0,6063.333333333333,0.0,12288.0,05-10 08:39:27
33.835,1825510741.3333333,2889507.6666666665,5925.333333333333,0.0,0.0,05-10 08:39:28
33.501,1825499818.6666667,2829600.0,5836.0,0.0,17749.333333333332,05-10 08:39:29
34.08133333333333,1825467050.6666667,2807264.3333333335,7559.666666666667,0.0,4096.0,05-10 08:39:30
34.171,1825566720.0,2760467.3333333335,5892.333333333333,0.0,0.0,05-10 08:39:31
33.92033333333334,1825527125.3333333,2734760.6666666665,8020.666666666667,0.0,15018.666666666666,05-10 08:39:32
34.166666666666664,1825712810.6666667,2736029.6666666665,5727.333333333333,0.0,0.0,05-10 08:39:33
26.633000000000006,1825512106.6666667,1963401.6666666667,4603.0,0.0,0.0,05-10 08:39:34
17.665,1825569450.6666667,1246970.0,11614.0,0.0,40960.0,05-10 08:39:35
10.873666666666665,1473056768.0,39503.333333333336,13390.666666666666,98304.0,17749.333333333332,05-10 08:39:36
